시도교육청,지역교육청,지역,정보공시 학교코드,학교명,학교급코드,설립구분,제외여부,제외사유,1학년(남),1학년(여),2학년(남),2학년(여),3학년(남),3학년(여),4학년(남),4학년(여),5학년(남),5학년(여),6학년(남),6학년(여),특수학급(남),특수학급(여),순회학급(남),순회학급(여),계(남),계(여),총계,학교특성,분교여부,설립유형,주야구분,개교기념일,설립일,법정동코드,주소내역,상세주소내역,우편번호,학교도로명 우편번호,학교도로명 주소,학교도로명 상세주소,위도,경도,전화번호,팩스번호,홈페이지 주소,남녀공학 구분,_merge,longitude,latitude
서울특별시교육청,서울특별시강남서초교육지원청,서울특별시 강남구,S010000738,서울개일초등학교,2,공립,N,,90.0,93.0,87.0,76.0,88.0,88.0,90.0,96.0,87.0,90.0,101.0,92.0,0.0,0.0,0.0,0.0,543.0,535.0,1078.0,,N,단설,주간,19871117,19871117,1168010300,서울특별시 강남구 개포동,174번지.,135804,6323,서울특별시 강남구 개포로 401,", 개일초등학교 (개포동,개일초등학교)",37.4862137836501,127.057741991082,02-571-8320,02-571-8325,http://gaeil.sen.es.kr,남녀공학,both,127.0577545,37.4861944
서울특별시교육청,서울특별시강남서초교육지원청,서울특별시 강남구,S010000741,서울구룡초등학교,2,공립,N,,54.0,55.0,56.0,59.0,60.0,55.0,72.0,59.0,69.0,64.0,64.0,68.0,5.0,5.0,0.0,0.0,380.0,365.0,745.0,,N,단설,주간,19850506,19831130,1168010300,서울특별시 강남구 개포동,655번지.,135244,6305,서울특별시 강남구 개포로 263,"(개포동,구룡초등학교)",37.48119253448,127.051754925242,02-573-5017,02-575-4237,http://kuryong.sen.es.kr,남녀공학,both,127.0516542,37.4811231
서울특별시교육청,서울특별시강남서초교육지원청,서울특별시 강남구,S010000742,서울논현초등학교,2,공립,N,,17.0,17.0,19.0,28.0,19.0,15.0,24.0,22.0,20.0,26.0,23.0,23.0,9.0,4.0,0.0,0.0,131.0,135.0,266.0,,N,단설,주간,19721123,19721123,1168010800,서울특별시 강남구 논현동,168번지.,135010,6119,서울특별시 강남구 강남대로120길 33,"(논현동,논현초등학교)",37.5081699,127.0260317,02-514-6636,02-514-7072,http://nonhyun.sen.es.kr,남녀공학,both,127.0263309,37.5084606
서울특별시교육청,서울특별시강남서초교육지원청,서울특별시 강남구,S010000743,서울대곡초등학교,2,공립,N,,76.0,72.0,73.0,60.0,101.0,92.0,117.0,109.0,130.0,106.0,146.0,124.0,3.0,0.0,0.0,0.0,646.0,563.0,1209.0,,N,단설,주간,19820402,19810909,1168010600,서울특별시 강남구 대치동,510번지.,135837,6288,서울특별시 강남구 남부순환로 3022,", 서울대곡초등학교 (대치동,대곡초등학교)",37.4947119051009,127.065026466777,02-565-1942,02-565-1947,http://seouldaegok.sen.es.kr,남녀공학,both,127.0648526,37.4946298
서울특별시교육청,서울특별시강남서초교육지원청,서울특별시 강남구,S010000744,서울대도초등학교,2,공립,N,,111.0,112.0,145.0,132.0,154.0,156.0,205.0,214.0,199.0,194.0,206.0,197.0,0.0,0.0,0.0,0.0,1020.0,1005.0,2025.0,,N,단설,주간,19800327,19790327,1168011800,서울특별시 강남구 도곡동,109번지.,135272,6277,서울특별시 강남구 선릉로 209,"(도곡동, 서울대도초등학교)",37.4927679777874,127.053346013247,02-3463-5377,02-3462-2507,http://sdaedo.sen.es.kr,남녀공학,both,127.0533831,37.4929987
서울특별시교육청,서울특별시강남서초교육지원청,서울특별시 강남구,S010000745,서울대모초등학교,2,공립,N,,74.0,49.0,78.0,57.0,84.0,59.0,86.0,64.0,107.0,79.0,104.0,79.0,0.0,0.0,0.0,0.0,533.0,387.0,920.0,,N,단설,주간,19941014,19940805,1168011400,서울특별시 강남구 일원동,736번지.,135239,6363,서울특별시 강남구 광평로20길 27,", 대모초등학교 (일원동,대모초등학교)",37.481536,127.086562,02-2226-3715,02-2226-3750,http://daemo.sen.es.kr,남녀공학,both,127.0862508,37.4814070
서울특별시교육청,서울특별시강남서초교육지원청,서울특별시 강남구,S010000746,서울대왕초등학교,2,공립,N,,44.0,47.0,41.0,45.0,48.0,55.0,49.0,45.0,76.0,57.0,84.0,76.0,5.0,0.0,0.0,0.0,347.0,325.0,672.0,,N,단설,주간,19330501,19321125,1168011100,서울특별시 강남구 세곡동,122-2.,135190,6365,서울특별시 강남구 헌릉로618길 8,"(세곡동,대왕초등학교)",37.4646213557123,127.105589464202,02-3412-0122,02-3412-0126,http://daewang.sen.es.kr,남녀공학,both,127.1056833,37.4646127
서울특별시교육청,서울특별시강남서초교육지원청,서울특별시 강남구,S010000747,서울대진초등학교,2,공립,N,,25.0,25.0,25.0,19.0,24.0,23.0,29.0,19.0,24.0,24.0,21.0,12.0,4.0,1.0,0.0,0.0,152.0,123.0,275.0,,N,단설,주간,19921026,19920715,1168010300,서울특별시 강남구 개포동,13번지.,135939,6334,서울특별시 강남구 개포로109길 74,", 서울대진초등학교 (개포동)",37.4970105766855,127.078078479274,02-3412-0472,02-3412-0478,http://seouldaejin.sen.es.kr,남녀공학,both,127.0780359,37.4971217
서울특별시교육청,서울특별시강남서초교육지원청,서울특별시 강남구,S010000748,서울대청초등학교,2,공립,N,,10.0,6.0,6.0,15.0,11.0,5.0,6.0,14.0,12.0,9.0,11.0,4.0,4.0,3.0,0.0,0.0,60.0,56.0,116.0,,N,단설,주간,19930227,19930227,1168011400,서울특별시 강남구 일원동,712번지.,135938,6341,서울특별시 강남구 양재대로55길 28,", 서울대청초등학교 (일원동)",37.4931330378071,127.087785687416,02-459-2152,02-459-7918,http://daecheong.sen.es.kr,남녀공학,both,127.0877004,37.4930888
서울특별시교육청,서울특별시강남서초교육지원청,서울특별시 강남구,S010000749,서울대치초등학교,2,공립,N,,62.0,64.0,98.0,69.0,147.0,104.0,143.0,132.0,194.0,133.0,187.0,160.0,0.0,0.0,0.0,0.0,831.0,662.0,1493.0,,N,단설,주간,19840509,19840509,1168010600,서울특별시 강남구 대치동,505.,135280,6291,서울특별시 강남구 양재천로 363,"(대치동, 대치초등학교)",37.4913113474101,127.061965930069,02-555-2455,02-555-2485,http://daechi.sen.es.kr/,남녀공학,both,127.0619473,37.4912850
서울특별시교육청,서울특별시강남서초교육지원청,서울특별시 강남구,S010000750,서울대현초등학교,2,공립,N,,53.0,52.0,60.0,43.0,66.0,45.0,84.0,44.0,108.0,63.0,117.0,71.0,6.0,1.0,0.0,0.0,494.0,319.0,813.0,,N,단설,주간,19850508,19841205,1168010600,서울특별시 강남구 대치동,969번지.,135848,6187,서울특별시 강남구 역삼로98길 16,"(대치동,대현초등학교)",37.5,127.1,02-553-6922,02-563-1875,http://daehyun.sen.es.kr,남녀공학,both,127.0636774,37.5038952
서울특별시교육청,서울특별시강남서초교육지원청,서울특별시 강남구,S010000751,서울도곡초등학교,2,공립,N,,53.0,54.0,59.0,66.0,77.0,61.0,79.0,79.0,106.0,79.0,114.0,101.0,3.0,6.0,0.0,0.0,491.0,446.0,937.0,,N,단설,주간,19750312,19740901,1168010600,서울특별시 강남구 대치동,924-10.,135284,6205,서울특별시 강남구 선릉로64길 33,"(대치동, 도곡초등학교)",37.4995070056416,127.054445507233,02-580-4500,02-539-8454,http://dogok.sen.es.kr,남녀공학,both,127.0544678,37.4994952
서울특별시교육청,서울특별시강남서초교육지원청,서울특별시 강남구,S010000752,서울도성초등학교,2,공립,N,,75.0,135.0,140.0,98.0,129.0,160.0,150.0,178.0,178.0,180.0,184.0,228.0,3.0,1.0,0.0,0.0,859.0,980.0,1839.0,,N,단설,주간,19810930,19810613,1168010100,서울특별시 강남구 역삼동,714번지.,135919,6213,서울특별시 강남구 역삼로 313,"(역삼동,도성초등학교)",37.5014628230965,127.048873762675,02-567-0039,02-567-0204,http://seouldoseong.sen.es.kr,남녀공학,both,127.0490000,37.5012417
서울특별시교육청,서울특별시강남서초교육지원청,서울특별시 서초구,S010000753,서울반원초등학교,2,공립,N,,107.0,104.0,110.0,86.0,120.0,91.0,107.0,122.0,133.0,107.0,136.0,126.0,0.0,0.0,0.0,0.0,713.0,636.0,1349.0,,N,단설,주간,19820406,19810805,1165010600,서울특별시 서초구 잠원동,1-3번지.,137043,6510,서울특별시 서초구 잠원로3길 28,"(잠원동,반원초등학교)",37.5102082,127.0039023,02-599-5662,02-595-1371,http://banwon.sen.es.kr,남녀공학,both,127.0039008,37.5101781
서울특별시교육청,서울특별시강남서초교육지원청,서울특별시 서초구,S010000754,서울반포초등학교,2,공립,N,,0.0,0.0,10.0,5.0,10.0,8.0,14.0,5.0,16.0,20.0,68.0,59.0,0.0,0.0,0.0,0.0,118.0,97.0,215.0,,N,단설,주간,19740320,19740320,1165010700,서울특별시 서초구 반포동,937번지.,137811,6502,서울특별시 서초구 신반포로 55-4,", 서울반포초등학교 (반포동,반포초등학교)",37.502916,126.991055,02-599-1349,02-533-4208,http://seoulbanpo.sen.es.kr,남녀공학,both,126.9915000,37.5028857
서울특별시교육청,서울특별시강남서초교육지원청,서울특별시 서초구,S010000755,서울방배초등학교,2,공립,N,,54.0,69.0,56.0,67.0,56.0,59.0,88.0,79.0,60.0,78.0,85.0,100.0,5.0,5.0,0.0,0.0,404.0,457.0,861.0,,N,단설,주간,19750912,19750912,1165010100,서울특별시 서초구 방배동,861-1번지(방배초등길 20).,137838,6570,서울특별시 서초구 방배중앙로13길 26,"(방배동,방배초등학교)",37.486764194362,126.98713719477,02-595-9612,02-595-9617,http://bangbae.sen.es.kr,남녀공학,both,126.9878102,37.4872211
서울특별시교육청,서울특별시강남서초교육지원청,서울특별시 서초구,S010000756,서울방일초등학교,2,공립,N,,80.0,106.0,74.0,89.0,74.0,74.0,84.0,72.0,83.0,70.0,88.0,80.0,5.0,0.0,0.0,0.0,488.0,491.0,979.0,,N,단설,주간,19841025,19840730,1165010100,서울특별시 서초구 방배동,167-4번지.,06663,6663,서울특별시 서초구 방배로18길 52,(방배동),37.4853425,126.9982024,02-3472-5142,02-521-5779,http://bangil.sen.es.kr,남녀공학,both,126.9984093,37.4853966
서울특별시교육청,서울특별시강남서초교육지원청,서울특별시 서초구,S010000757,서울방현초등학교,2,공립,N,,18.0,16.0,14.0,10.0,15.0,20.0,16.0,30.0,28.0,19.0,25.0,28.0,0.0,0.0,0.0,0.0,116.0,123.0,239.0,,N,단설,주간,19901102,19900406,1165010100,서울특별시 서초구 방배동,산81-1.,137063,6700,서울특별시 서초구 효령로4길 58,"(방배동,방현초등학교)",37.4763718,126.9901785,02-521-9878,02-523-1891,http://banghyun.sen.es.kr,남녀공학,both,126.9903103,37.4762894
서울특별시교육청,서울특별시강남서초교육지원청,서울특별시 강남구,S010000758,서울봉은초등학교,2,공립,N,,46.0,37.0,45.0,36.0,43.0,38.0,46.0,33.0,53.0,29.0,49.0,34.0,0.0,0.0,0.0,0.0,282.0,207.0,489.0,,N,단설,주간,19820407,19820407,1168010500,서울특별시 강남구 삼성동,79-2번지.,135090,6078,서울특별시 강남구 학동로 610,"(삼성동,봉은초등학교)",37.5200827812849,127.060930912959,02-540-2892,02-545-2697,http://bongeun.sen.es.kr,남녀공학,both,127.0610991,37.5202353
서울특별시교육청,서울특별시강남서초교육지원청,서울특별시 강남구,S010000759,서울삼릉초등학교,2,공립,N,,43.0,28.0,45.0,40.0,50.0,35.0,59.0,46.0,54.0,44.0,47.0,38.0,0.0,0.0,0.0,0.0,298.0,231.0,529.0,,N,단설,주간,19850429,19850429,1168010500,서울특별시 강남구 삼성동,42번지.,135868,6097,서울특별시 강남구 봉은사로63길 22,"(삼성동,삼릉초등학교)",37.5132595599496,127.046949541886,02-545-4502,02-514-4476,http://srng.sen.es.kr,남녀공학,both,127.0471981,37.5131959
서울특별시교육청,서울특별시강남서초교육지원청,서울특별시 서초구,S010000760,서울서래초등학교,2,공립,N,,93.0,109.0,101.0,111.0,96.0,116.0,130.0,132.0,115.0,130.0,115.0,110.0,13.0,2.0,0.0,0.0,663.0,710.0,1373.0,,N,단설,주간,19830414,19830404,1165010100,서울특별시 서초구 방배동,771번지.,137829,6574,서울특별시 서초구 방배로 260,"(방배동,서래초등학교)",37.5,126.9,02-595-7512,02-596-2443,http://seorae.sen.es.kr,남녀공학,both,126.9892544,37.4963099
서울특별시교육청,서울특별시강남서초교육지원청,서울특별시 서초구,S010000761,서울서원초등학교,2,공립,N,,124.0,143.0,135.0,118.0,143.0,124.0,129.0,148.0,121.0,118.0,121.0,88.0,9.0,3.0,0.0,0.0,782.0,742.0,1524.0,,N,단설,주간,19850422,19841130,1165010700,서울특별시 서초구 반포동,30-8번지.,06598,6598,서울특별시 서초구 고무래로 63,", 서울서원초등학교 (반포동)",37.5,127.0,02-594-5151,02-594-1787,https://seo-won.sen.es.kr/,남녀공학,both,127.0151708,37.5029690
서울특별시교육청,서울특별시강남서초교육지원청,서울특별시 서초구,S010000762,서울서이초등학교,2,공립,N,,127.0,143.0,125.0,117.0,103.0,105.0,110.0,148.0,106.0,115.0,118.0,113.0,0.0,0.0,0.0,0.0,689.0,741.0,1430.0,,N,단설,주간,19840423,19831203,1165010800,서울특별시 서초구 서초동,1334-2번지(서운로 85).,137859,6630,서울특별시 서초구 서운로 35,"(서초동,서이초등학교)",37.5,127.0,02-3474-7021,02-3474-7026,http://seo2.sen.es.kr,남녀공학,both,127.0257949,37.4914830
서울특별시교육청,서울특별시강남서초교육지원청,서울특별시 서초구,S010000763,서울서일초등학교,2,공립,N,,46.0,40.0,46.0,42.0,50.0,30.0,49.0,45.0,50.0,39.0,61.0,44.0,6.0,0.0,0.0,0.0,308.0,240.0,548.0,,N,단설,주간,19861016,19861016,1165010800,서울특별시 서초구 서초동,1436-8번지.,137865,6723,서울특별시 서초구 남부순환로339길 38,"(서초동,서일초등학교)",37.4852959747114,127.022161220784,02-598-5013,02-598-5015,http://seoulseoil.sen.es.kr,남녀공학,both,127.0222882,37.4851328
서울특별시교육청,서울특별시강남서초교육지원청,서울특별시 서초구,S010000764,서울서초초등학교,2,공립,N,,79.0,90.0,72.0,90.0,94.0,78.0,95.0,76.0,105.0,99.0,89.0,85.0,5.0,0.0,0.0,0.0,539.0,518.0,1057.0,,N,단설,주간,19810506,19801004,1165010800,서울특별시 서초구 서초동,1310-6.,137856,6613,서울특별시 서초구 서운로 178,"(서초동,서초초등학교)",37.499311,127.024064,02-3482-0831,02-3482-0835,http://seocho.sen.es.kr,남녀공학,both,127.0237792,37.4994731
서울특별시교육청,서울특별시강남서초교육지원청,서울특별시 강남구,S010000765,서울수서초등학교,2,공립,N,,15.0,19.0,10.0,9.0,16.0,10.0,4.0,13.0,11.0,17.0,13.0,7.0,7.0,2.0,0.0,0.0,76.0,77.0,153.0,,N,단설,주간,19920715,19920715,1168011500,서울특별시 강남구 수서동,709번지.,135884,6348,서울특별시 강남구 광평로51길 46,"(수서동,수서초등학교)",37.4,127.1,02-459-1334,02-459-1410,http://suseo.sen.es.kr,남녀공학,both,127.1012554,37.4912047
서울특별시교육청,서울특별시강남서초교육지원청,서울특별시 강남구,S010000766,서울신구초등학교,2,공립,N,,49.0,42.0,35.0,35.0,46.0,32.0,45.0,40.0,28.0,36.0,46.0,44.0,6.0,2.0,0.0,0.0,255.0,231.0,486.0,,N,단설,주간,19811103,19811103,1168010700,서울특별시 강남구 신사동,550-11번지.,135890,6029,서울특별시 강남구 압구정로18길 28,"(신사동,신구초등학교)",37.5233612951904,127.023991523087,02-549-6815,02-549-4393,http://shingu.sen.es.kr,남녀공학,both,127.0240750,37.5234333
서울특별시교육청,서울특별시강남서초교육지원청,서울특별시 서초구,S010000767,서울신동초등학교,2,공립,N,,83.0,77.0,101.0,85.0,107.0,83.0,112.0,118.0,142.0,100.0,150.0,121.0,0.0,0.0,0.0,0.0,695.0,584.0,1279.0,,N,단설,주간,19460402,19460402,1165010600,서울특별시 서초구 잠원동,54-5번지.,137907,6517,서울특별시 서초구 나루터로 15,"(잠원동,신동초등학교)",37.5171282419289,127.011388464915,02-6960-4500,02-596-8566,http://sindong.sen.es.kr,남녀공학,both,127.0113821,37.5171175
서울특별시교육청,서울특별시강남서초교육지원청,서울특별시 서초구,S010000768,서울신중초등학교,2,공립,N,,65.0,62.0,73.0,64.0,76.0,60.0,95.0,72.0,71.0,67.0,101.0,73.0,3.0,3.0,0.0,0.0,484.0,401.0,885.0,,N,단설,주간,19360601,19360601,1165010800,서울특별시 서초구 서초동,1466-6번지.,137867,6712,서울특별시 서초구 남부순환로317길 15,"(서초동,서울신중초등학교)",37.48001,127.009623,02-521-2811,02-521-2817,http://sinjung.sen.es.kr,남녀공학,both,127.0093384,37.4801298
서울특별시교육청,서울특별시강남서초교육지원청,서울특별시 강남구,S010000769,서울압구정초등학교,2,공립,N,,66.0,79.0,67.0,70.0,63.0,62.0,101.0,80.0,83.0,89.0,84.0,71.0,0.0,0.0,0.0,0.0,464.0,451.0,915.0,,N,단설,주간,19770504,19760820,1168011000,서울특별시 강남구 압구정동,461번지.,135905,6004,서울특별시 강남구 압구정로39길 29,"(압구정동,압구정초등학교)",37.5316708,127.031165,02-3446-9646,02-3446-9643,http://www.apgujeong.es.kr/,남녀공학,both,127.0308923,37.5317491
서울특별시교육청,서울특별시강남서초교육지원청,서울특별시 서초구,S010000770,서울양재초등학교,2,공립,N,,38.0,31.0,64.0,37.0,55.0,48.0,66.0,42.0,52.0,45.0,49.0,47.0,4.0,4.0,0.0,0.0,328.0,254.0,582.0,,N,단설,주간,19841024,19830719,1165010200,서울특별시 서초구 양재동,101번지.,137130,6755,서울특별시 서초구 바우뫼로18길 14,"(양재동,양재초등학교)",37.4741644827927,127.031893858174,02-573-4432,02-579-7683,http://yangjae.sen.es.kr,남녀공학,both,127.0318938,37.4741737
서울특별시교육청,서울특별시강남서초교육지원청,서울특별시 강남구,S010000771,서울양전초등학교,2,공립,N,,33.0,43.0,43.0,43.0,43.0,54.0,43.0,62.0,47.0,56.0,39.0,50.0,3.0,4.0,0.0,0.0,251.0,312.0,563.0,,N,단설,주간,19890506,19881221,1168010300,서울특별시 강남구 개포동,183번지.,135243,6328,서울특별시 강남구 개포로 513,", 서울양전초등학교",39.4903657,127.0694778,02-3411-8982,02-3411-8986,http://yangjeon.sen.es.kr,남녀공학,both,127.0695022,37.4904055
서울특별시교육청,서울특별시강남서초교육지원청,서울특별시 서초구,S010000772,서울언남초등학교,2,공립,N,,83.0,82.0,113.0,113.0,118.0,95.0,87.0,105.0,81.0,84.0,95.0,74.0,9.0,6.0,0.0,0.0,586.0,559.0,1145.0,,N,단설,주간,19340416,19340416,1165010900,서울특별시 서초구 내곡동,122번지.,137180,6800,서울특별시 서초구 헌릉로8길 42,(내곡동),37.454144,127.0617,070-8686-4101,070-4742-5856,http://eonnam.sen.es.kr,남녀공학,both,127.0616929,37.4539908
서울특별시교육청,서울특별시강남서초교육지원청,서울특별시 강남구,S010000773,서울언북초등학교,2,공립,N,,132.0,125.0,142.0,143.0,172.0,129.0,188.0,167.0,173.0,133.0,181.0,155.0,11.0,3.0,0.0,0.0,999.0,855.0,1854.0,,N,단설,주간,19450401,19450401,1168010400,서울특별시 강남구 청담동,27번지.,135950,6066,서울특별시 강남구 삼성로135길 42,"(청담동,언북초등학교)",37.519926,127.0451,02-514-5981,02-514-5984,http://eonbuk.sen.es.kr,남녀공학,both,127.0451400,37.5198294
서울특별시교육청,서울특별시강남서초교육지원청,서울특별시 강남구,S010000774,서울언주초등학교,2,공립,N,,100.0,112.0,111.0,121.0,128.0,149.0,113.0,138.0,147.0,152.0,119.0,174.0,7.0,6.0,0.0,0.0,725.0,852.0,1577.0,,N,단설,주간,19271008,19270916,1168011800,서울특별시 강남구 도곡동,922번지.,135271,6268,서울특별시 강남구 남부순환로363길 19,"(도곡동,언주초등학교)",37.4,127.0,02-3462-5285,02-3462-3148,http://eonju.sen.es.kr/,남녀공학,both,127.0367863,37.4868060
서울특별시교육청,서울특별시강남서초교육지원청,서울특별시 강남구,S010000775,서울역삼초등학교,2,공립,N,,39.0,19.0,29.0,29.0,24.0,33.0,34.0,24.0,38.0,23.0,39.0,22.0,8.0,3.0,0.0,0.0,211.0,153.0,364.0,,N,단설,주간,19790927,19780721,1168010100,서울특별시 강남구 역삼동,833-7번지.,135081,6251,서울특별시 강남구 강남대로66길 21,"(역삼동,역삼초등학교)",37.4931611542639,127.032603025966,02-563-9168,02-563-9169,http://yeoksam.sen.es.kr,남녀공학,both,127.0326027,37.4931734
서울특별시교육청,서울특별시강남서초교육지원청,서울특별시 강남구,S010000776,서울영희초등학교,2,공립,N,,29.0,20.0,16.0,22.0,26.0,25.0,21.0,25.0,36.0,28.0,26.0,23.0,11.0,1.0,0.0,0.0,165.0,144.0,309.0,,N,단설,주간,19461001,19461001,1168011400,서울특별시 강남구 일원동,617번지.,135943,6338,서울특별시 강남구 일원로 21,"(일원동,영희초등학교)",37.4923016605979,127.081131205973,02-2226-6016,02-3411-3133,http://younghee.sen.es.kr,남녀공학,both,127.0809885,37.4922305
서울특별시교육청,서울특별시강남서초교육지원청,서울특별시 강남구,S010000777,서울왕북초등학교,2,공립,N,,82.0,68.0,70.0,63.0,78.0,70.0,88.0,79.0,71.0,63.0,102.0,68.0,8.0,0.0,0.0,0.0,499.0,411.0,910.0,,N,단설,주간,19631031,19631031,1168011500,서울특별시 강남구 수서동,745번지.,135220,6353,서울특별시 강남구 광평로31길 74,"(수서동,왕북초등학교)",37.486436702997686,127.08604059773047,02-451-5073,02-459-0009,http://wangbuk.sen.es.kr,남녀공학,both,127.0861007,37.4864563
서울특별시교육청,서울특별시강남서초교육지원청,서울특별시 서초구,S010000778,서울우암초등학교,2,공립,N,,30.0,17.0,23.0,14.0,21.0,23.0,22.0,25.0,23.0,21.0,35.0,25.0,3.0,3.0,0.0,0.0,157.0,128.0,285.0,,N,병설,주간,19941101,19940805,1165010300,서울특별시 서초구 우면동,58번지.,137900,6762,서울특별시 서초구 바우뫼로7길 38,"(우면동,우암초등학교)",37.472295908787,127.023721964522,02-529-3256,02-529-3259,http://wooam.sen.es.kr,남녀공학,both,127.0242821,37.4720905
서울특별시교육청,서울특별시강남서초교육지원청,서울특별시 서초구,S010000779,서울원명초등학교,2,공립,N,,101.0,74.0,94.0,107.0,126.0,86.0,112.0,94.0,96.0,90.0,110.0,141.0,0.0,0.0,0.0,0.0,639.0,592.0,1231.0,,N,단설,주간,19900504,19890704,1165010800,서울특별시 서초구 서초동,1685-1번지.,137074,6602,서울특별시 서초구 고무래로 90-6,"(서초동,원명초등학교)",37.5007761754026,127.016705771732,02-593-4492,02-595-4797,http://wonmyong.sen.es.kr,남녀공학,both,127.0166443,37.5009024
서울특별시교육청,서울특별시강남서초교육지원청,서울특별시 서초구,S010000780,서울원촌초등학교,2,공립,N,,91.0,114.0,87.0,88.0,92.0,77.0,107.0,96.0,90.0,98.0,88.0,81.0,10.0,2.0,0.0,0.0,565.0,556.0,1121.0,,N,단설,주간,19790918,19790918,1165010700,서울특별시 서초구 반포동,21번지.,137041,6544,서울특별시 서초구 사평대로45길 26,"(반포동,서울원촌초등학교)",37.5061857,127.0124612,02-536-0816,02-536-0864,http://wonchon.sen.es.kr,남녀공학,both,127.0126922,37.5064513
서울특별시교육청,서울특별시강남서초교육지원청,서울특별시 서초구,S010000781,서울이수초등학교,2,공립,N,,52.0,45.0,40.0,44.0,48.0,46.0,40.0,39.0,60.0,52.0,56.0,41.0,3.0,3.0,0.0,0.0,299.0,270.0,569.0,,N,단설,주간,19780413,19770901,1165010100,서울특별시 서초구 방배동,468-6번지.,137819,6692,서울특별시 서초구 방배천로4길 23,"서울이수초등학교 (방배동,이수초등학교)",37.4783700689764,126.984416220706,02-521-5282,02-588-8924,http://isu.sen.es.kr,남녀공학,both,126.9845093,37.4784460
서울특별시교육청,서울특별시강남서초교육지원청,서울특별시 강남구,S010000782,서울일원초등학교,2,공립,N,,92.0,99.0,88.0,73.0,114.0,79.0,120.0,77.0,111.0,85.0,113.0,87.0,3.0,1.0,0.0,0.0,641.0,501.0,1142.0,,N,단설,주간,19841010,19841010,1168011400,서울특별시 강남구 일원동,691번지.,135230,6345,서울특별시 강남구 영동대로4길 20,"(일원동,일원초등학교)",37.4897892510033,127.076325096662,02-445-8815,02-445-6306,http://ilwon.sen.es.kr,남녀공학,both,127.0761891,37.4897890
서울특별시교육청,서울특별시강남서초교육지원청,서울특별시 서초구,S010000783,서울잠원초등학교,2,공립,N,,149.0,133.0,141.0,114.0,133.0,126.0,153.0,145.0,147.0,130.0,142.0,146.0,0.0,0.0,0.0,0.0,865.0,794.0,1659.0,,N,단설,주간,19781121,19780830,1165010700,서울특별시 서초구 반포동,17번지.,137040,6547,서울특별시 서초구 신반포로16길 15-25,"(반포동, 잠원초등학교)",37.50188,126.99767,02-599-4262,02-537-8248,http://jamwon.sen.es.kr,남녀공학,both,126.9981463,37.5019860
서울특별시교육청,서울특별시강남서초교육지원청,서울특별시 강남구,S010000784,서울청담초등학교,2,공립,N,,46.0,46.0,44.0,41.0,43.0,34.0,37.0,31.0,37.0,37.0,46.0,53.0,0.0,0.0,0.0,0.0,253.0,242.0,495.0,,N,단설,주간,19800404,19800301,1168011000,서울특별시 강남구 압구정동,142번지.,135955,6010,서울특별시 강남구 압구정로71길 9,"(청담동,청담초등학교)",37.5279725,127.0452701,02-542-3779,02-3446-7080,http://cheongdam.sen.es.kr,남녀공학,both,127.0452305,37.5282461
서울특별시교육청,서울특별시강남서초교육지원청,서울특별시 강남구,S010000785,서울포이초등학교,2,공립,N,,42.0,35.0,39.0,39.0,35.0,47.0,30.0,46.0,40.0,41.0,34.0,47.0,3.0,1.0,0.0,0.0,223.0,256.0,479.0,,N,병설,주간,19901024,19901024,1168010300,서울특별시 강남구 개포동,1273번지.,135961,6311,서울특별시 강남구 개포로22길 87,", 서울포이초등학교 (개포동,포이초등학교)",37.475962,127.052079,02-578-7334,02-6009-5310,http://poi.sen.es.kr,남녀공학,both,127.0527917,37.4760322
서울특별시교육청,서울특별시강남서초교육지원청,서울특별시 강남구,S010000786,서울학동초등학교,2,공립,N,,42.0,41.0,47.0,38.0,41.0,38.0,37.0,47.0,39.0,38.0,40.0,45.0,0.0,0.0,0.0,0.0,246.0,247.0,493.0,,N,병설,주간,19790411,19790126,1168010800,서울특별시 강남구 논현동,264-7.,135832,6100,서울특별시 강남구 선릉로115길 42,", 서울학동초등학교 (논현동)",37.5120656487003,127.039809428741,02-546-5185,02-546-6474,http://hakdong.sen.es.kr/,남녀공학,both,127.0396000,37.5125250
서울특별시교육청,서울특별시강동송파교육지원청,서울특별시 송파구,S010000897,서울가동초등학교,2,공립,N,,59.0,61.0,63.0,69.0,62.0,61.0,77.0,82.0,85.0,71.0,81.0,82.0,0.0,0.0,0.0,0.0,427.0,426.0,853.0,,N,단설,주간,19900425,19900425,1171010700,서울특별시 송파구 가락동,163번지.,138810,5820,서울특별시 송파구 중대로20길 47,(가락동),37.4974117311335,127.130016882706,02-448-5766,02-448-4459,http://gadong.sen.es.kr,남녀공학,both,127.1300538,37.4974777
서울특별시교육청,서울특별시강동송파교육지원청,서울특별시 송파구,S010000898,서울가락초등학교,2,공립,N,,114.0,90.0,108.0,92.0,104.0,104.0,121.0,102.0,87.0,85.0,78.0,75.0,6.0,1.0,0.0,0.0,618.0,549.0,1167.0,,N,단설,주간,19810909,19810909,1171010700,서울특별시 송파구 가락동,477번지.,138161,5698,서울특별시 송파구 송파대로37길 45,"(가락동, 가락초등학교)",37.5000219623772,127.107602527941,02-3402-1161,02-3402-1145,https://garak.sen.es.kr/,남녀공학,both,127.1076723,37.5001905
서울특별시교육청,서울특별시강동송파교육지원청,서울특별시 송파구,S010000899,서울가원초등학교,2,공립,N,,44.0,50.0,57.0,59.0,68.0,53.0,47.0,52.0,49.0,62.0,54.0,44.0,0.0,0.0,0.0,0.0,319.0,320.0,639.0,,N,단설,주간,19881208,19881208,1171010800,서울특별시 송파구 문정동,150-10.,138200,5834,서울특별시 송파구 중대로4길 8,"(문정동, 가원초등학교)",37.4894409751686,127.111029310344,02-405-4555,02-448-0188,http://gawon.sen.es.kr,남녀공학,both,127.1112916,37.4894103
서울특별시교육청,서울특별시강동송파교육지원청,서울특별시 송파구,S010000900,서울가주초등학교,2,공립,N,,84.0,63.0,60.0,67.0,53.0,60.0,69.0,79.0,75.0,60.0,75.0,85.0,0.0,0.0,0.0,0.0,416.0,414.0,830.0,,N,단설,주간,19961108,19960810,1171010700,서울특별시 송파구 가락동,140-6번지(새팽이길 90).,138808,5823,서울특별시 송파구 오금로40길 37,", 서울가주초등학교 (가락동, 가주초등학교)",37.4965655863755,127.129287152437,02-3401-0443,02-402-7623,http://gaju.sen.es.kr,남녀공학,both,127.1292345,37.4967037
서울특별시교육청,서울특별시강동송파교육지원청,서울특별시 강동구,S010000901,서울강덕초등학교,2,공립,N,,94.0,94.0,106.0,99.0,125.0,86.0,99.0,100.0,85.0,76.0,92.0,88.0,2.0,1.0,0.0,0.0,603.0,544.0,1147.0,,N,단설,주간,20190902,19861217,1174010200,서울특별시 강동구 고덕동,방죽말길 167-1.,134803,134803,서울특별시 강동구 동남로82길 94-54,"(고덕동,서울강덕초등학교)",37.5595469338186,127.160484033535,02-426-0871,02-426-0873,http://gangdeok.sen.es.kr,남녀공학,both,127.1607664,37.5592893
서울특별시교육청,서울특별시강동송파교육지원청,서울특별시 강동구,S010000902,서울강동초등학교,2,공립,N,,43.0,52.0,33.0,38.0,46.0,34.0,47.0,47.0,53.0,47.0,50.0,41.0,7.0,2.0,0.0,0.0,279.0,261.0,540.0,,N,단설,주간,19770504,19760818,1174010900,서울특별시 강동구 천호동,306번지.,134867,5322,서울특별시 강동구 상암로14길 77,"(천호동,서울강동초등학교)",37.5463647928489,127.130187858021,02-489-3215,02-489-3217,http://gangdong.sen.es.kr,남녀공학,both,127.1301425,37.5462916
서울특별시교육청,서울특별시강동송파교육지원청,서울특별시 강동구,S010000903,서울강일초등학교,2,공립,N,,51.0,60.0,49.0,45.0,65.0,48.0,69.0,68.0,62.0,64.0,67.0,81.0,5.0,0.0,0.0,0.0,368.0,366.0,734.0,,N,단설,주간,20090901,19930720,1174011000,서울특별시 강동구 강일동,685번지.,134100,5213,서울특별시 강동구 아리수로98길 24,", 서울강일초등학교 (강일동)",37.56535,127.17733,02-3426-6472,02-3426-6451,http://gangil.sen.es.kr,남녀공학,both,127.1772256,37.5654092
서울특별시교육청,서울특별시강동송파교육지원청,서울특별시 송파구,S010000904,서울거여초등학교,2,공립,N,,56.0,59.0,39.0,53.0,56.0,54.0,55.0,56.0,71.0,44.0,60.0,38.0,8.0,4.0,0.0,0.0,345.0,308.0,653.0,,N,단설,주간,19671123,19670915,1171011200,서울특별시 송파구 오금동,108.,05731,5731,서울특별시 송파구 마천로25길 18,"(오금동, 거여초등학교)",37.505165829279,127.140973626434,02-2160-5400,02-400-9478,http://geo-yeo.sen.es.kr,남녀공학,both,127.1409303,37.5048499
서울특별시교육청,서울특별시강동송파교육지원청,서울특별시 송파구,S010000905,서울거원초등학교,2,공립,N,,63.0,56.0,48.0,46.0,54.0,44.0,52.0,59.0,68.0,58.0,56.0,66.0,5.0,4.0,0.0,0.0,346.0,333.0,679.0,,N,단설,주간,19971107,19970901,1171011300,서울특별시 송파구 거여동,296-1번지.,138815,5789,서울특별시 송파구 양산로2길 26,"(거여동,거원초등학교)",37.487601,127.144669,02-6919-3700,02-6919-3799,http://guhwon.sen.es.kr,남녀공학,both,127.1447948,37.4876378
서울특별시교육청,서울특별시강동송파교육지원청,서울특별시 강동구,S010000906,서울고덕초등학교,2,공립,N,,39.0,44.0,50.0,27.0,32.0,24.0,38.0,28.0,24.0,27.0,37.0,20.0,4.0,2.0,0.0,0.0,224.0,172.0,396.0,,N,단설,주간,19840511,19831203,1174010200,서울특별시 강동구 고덕동,158번지.,134800,5221,서울특별시 강동구 아리수로82길 42,", 고덕초등학교 (고덕동)",37.560723,127.166557,02-427-0525,02-427-0185,http://goduk.sen.es.kr,남녀공학,both,127.1665033,37.5611225
서울특별시교육청,서울특별시강동송파교육지원청,서울특별시 강동구,S010000907,서울고명초등학교,2,공립,N,,75.0,61.0,75.0,76.0,62.0,64.0,68.0,56.0,72.0,50.0,63.0,44.0,0.0,0.0,0.0,0.0,415.0,351.0,766.0,,N,병설,주간,19801129,19801129,1174010100,서울특별시 강동구 명일동,296-1번지.,134070,5267,서울특별시 강동구 고덕로46길 53,", 서울고명초등학교 (명일동)",37.5529722545558,127.147437333602,02-3428-5112,02-3428-5117,http://gomyung.sen.es.kr,남녀공학,both,127.1468429,37.5530316
서울특별시교육청,서울특별시강동송파교육지원청,서울특별시 강동구,S010000908,서울고일초등학교,2,공립,N,,176.0,155.0,183.0,168.0,134.0,147.0,134.0,141.0,134.0,113.0,123.0,100.0,2.0,3.0,0.0,0.0,886.0,827.0,1713.0,,N,단설,주간,19840506,19831203,1174010300,서울특별시 강동구 상일동,125번지.,134836,5275,서울특별시 강동구 구천면로93길 20,", 서울고일초등학교 (상일동)",37.5515408195372,127.169411611068,02-428-9088,02-428-9085,http://goil.sen.es.kr,남녀공학,both,127.1688621,37.5525889
서울특별시교육청,서울특별시강동송파교육지원청,서울특별시 강동구,S010000909,서울길동초등학교,2,공립,N,,56.0,54.0,76.0,70.0,59.0,50.0,75.0,76.0,76.0,60.0,64.0,64.0,7.0,4.0,0.0,0.0,413.0,378.0,791.0,,N,단설,주간,19740607,19730106,1174010500,서울특별시 강동구 길동,362번지.,134812,5344,서울특별시 강동구 양재대로116길 69,", 서울길동초등학교 (길동)",37.5385917666321,127.144974074142,02-475-5591,02-483-4136,http://gildong.sen.es.kr,남녀공학,both,127.1447875,37.5385167
서울특별시교육청,서울특별시강동송파교육지원청,서울특별시 송파구,S010000910,서울남천초등학교,2,공립,N,,21.0,25.0,25.0,30.0,26.0,31.0,29.0,36.0,36.0,31.0,34.0,38.0,1.0,1.0,0.0,0.0,172.0,192.0,364.0,,N,단설,주간,19840503,19831203,1171011400,서울특별시 송파구 마천동,53번지.,138818,5745,서울특별시 송파구 성내천로 207,(마천동),37.501176,127.150731,02-3401-0651,02-3401-0654,http://s-namcheon.sen.es.kr,남녀공학,both,127.1504357,37.5010354
서울특별시교육청,서울특별시강동송파교육지원청,서울특별시 강동구,S010000911,서울대명초등학교,2,공립,N,,64.0,53.0,50.0,69.0,52.0,74.0,80.0,67.0,74.0,69.0,91.0,84.0,3.0,1.0,0.0,0.0,414.0,417.0,831.0,,N,단설,주간,19860506,19860301,1174010100,서울특별시 강동구 명일동,234번지 (상암길 271 ).,134826,5271,서울특별시 강동구 상암로 271,"(명일동,서울대명초등학교)",37.547292,127.153243,02-481-7871,02-481-7876,http://daemyeong.sen.es.kr,남녀공학,both,127.1527800,37.5471992
서울특별시교육청,서울특별시강동송파교육지원청,서울특별시 송파구,S010000913,서울마천초등학교,2,공립,N,,62.0,73.0,63.0,58.0,74.0,51.0,74.0,78.0,96.0,84.0,79.0,81.0,10.0,1.0,0.0,0.0,458.0,426.0,884.0,,N,단설,주간,19780504,19780201,1171011400,서울특별시 송파구 마천동,183-4번지.,138121,5758,서울특별시 송파구 마천로61다길 24,", 서울마천초등학교 (마천동)",37.4955069831064,127.15263013173,02-400-6773,02-448-3475,http://smacheon.sen.es.kr,남녀공학,both,127.1519372,37.4955406
서울특별시교육청,서울특별시강동송파교육지원청,서울특별시 강동구,S010000914,서울명덕초등학교,2,공립,N,,152.0,146.0,179.0,157.0,140.0,144.0,152.0,158.0,167.0,142.0,148.0,128.0,5.0,2.0,0.0,0.0,943.0,877.0,1820.0,,N,단설,주간,19850503,19841205,1174010200,서울특별시 강동구 고덕동,487-15번지.,134805,5230,서울특별시 강동구 양재대로156길 11,", 서울명덕초등학교 (고덕동)",37.5567629637976,127.145081702644,02-441-2156,02-441-4298,http://myungduk.sen.es.kr,남녀공학,both,127.1466250,37.5569333
서울특별시교육청,서울특별시강동송파교육지원청,서울특별시 강동구,S010000915,서울명원초등학교,2,공립,N,,60.0,65.0,70.0,43.0,63.0,54.0,73.0,82.0,69.0,67.0,82.0,82.0,4.0,3.0,0.0,0.0,421.0,396.0,817.0,,N,단설,주간,19870422,19861217,1174010100,서울특별시 강동구 명일동,39번지.,134072,5268,서울특별시 강동구 명일로 364,", 서울명원초등학교 (명일동)",37.5512889333165,127.15049857922,02-428-2433,02-428-3163,http://myongwon.sen.es.kr,남녀공학,both,127.1505051,37.5512819
서울특별시교육청,서울특별시강동송파교육지원청,서울특별시 강동구,S010000916,서울명일초등학교,2,공립,N,,109.0,83.0,79.0,95.0,91.0,59.0,93.0,91.0,84.0,86.0,70.0,88.0,11.0,2.0,0.0,0.0,537.0,504.0,1041.0,,N,단설,주간,19801006,19800510,1174010700,서울특별시 강동구 암사동,418-18번지.,05256,5256,서울특별시 강동구 고덕로38길 8,"(암사동, 서울명일초등학교)",37.5545423636523,127.142569508391,02-441-5313,02-429-9888,http://myeongil.sen.es.kr,남녀공학,both,127.1420808,37.5544230
서울특별시교육청,서울특별시강동송파교육지원청,서울특별시 강동구,S010000917,서울묘곡초등학교,2,공립,N,,111.0,88.0,135.0,124.0,125.0,119.0,140.0,127.0,154.0,120.0,145.0,145.0,3.0,2.0,0.0,0.0,813.0,725.0,1538.0,,N,단설,주간,19851023,19850710,1174010200,서울특별시 강동구 고덕동,498번지 서울묘곡초등학교.,134081,5232,서울특별시 강동구 동남로79길 46,(고덕동),37.558201,127.153231,02-427-4167,02-427-9879,http://myogok.sen.es.kr,남녀공학,both,127.1532421,37.5585810
서울특별시교육청,서울특별시강동송파교육지원청,서울특별시 송파구,S010000918,서울문덕초등학교,2,공립,N,,54.0,58.0,54.0,45.0,40.0,69.0,43.0,38.0,48.0,43.0,44.0,46.0,6.0,1.0,0.0,0.0,289.0,300.0,589.0,,N,단설,주간,19931026,19930720,1171010800,서울특별시 송파구 문정동,90-3번지.,138200,5809,서울특별시 송파구 송이로34길 60,(문정동),37.485326,127.127395,02-409-9817,02-406-5224,http://moondeok.sen.es.kr,남녀공학,both,127.1279441,37.4850390
서울특별시교육청,서울특별시강동송파교육지원청,서울특별시 송파구,S010000919,서울문정초등학교,2,공립,N,,46.0,63.0,45.0,48.0,60.0,58.0,58.0,84.0,65.0,67.0,54.0,63.0,5.0,3.0,0.0,0.0,333.0,386.0,719.0,,N,단설,주간,19850417,19841205,1171010800,서울특별시 송파구 문정동,12번지.,138200,5797,서울특별시 송파구 문정로5길 20,", 문정초등학교 (문정동)",37.4890731161772,127.129011908759,02-404-8501,02-443-5175,http://moonjung.sen.es.kr,남녀공학,both,127.1290293,37.4892063
서울특별시교육청,서울특별시강동송파교육지원청,서울특별시 송파구,S010000920,서울방산초등학교,2,공립,N,,48.0,61.0,59.0,36.0,61.0,47.0,45.0,57.0,65.0,63.0,59.0,43.0,0.0,0.0,0.0,0.0,337.0,307.0,644.0,,N,단설,주간,19920901,19911030,1171011100,서울특별시 송파구 방이동,220번지.,138836,5645,서울특별시 송파구 오금로27길 42,(방이동),37.509493,127.121066,02-420-5221,02-420-7140,http://sbangsan.sen.es.kr,남녀공학,both,127.1208725,37.5097182
서울특별시교육청,서울특별시강동송파교육지원청,서울특별시 송파구,S010000921,서울방이초등학교,2,공립,N,,66.0,49.0,49.0,44.0,41.0,27.0,52.0,41.0,52.0,41.0,49.0,45.0,6.0,4.0,0.0,0.0,315.0,251.0,566.0,,N,단설,주간,19820404,19810909,1171011100,서울특별시 송파구 방이동,167번지 서울방이초등학교 .,138833,5636,서울특별시 송파구 위례성대로10길 4,", 서울방이초등학교 (방이동)",37.513554,127.12094,02-420-8477,02-420-8479,http://bangi.sen.es.kr,남녀공학,both,127.1204937,37.5134365
서울특별시교육청,서울특별시강동송파교육지원청,서울특별시 송파구,S010000922,서울삼전초등학교,2,공립,N,,62.0,48.0,56.0,72.0,54.0,56.0,63.0,74.0,62.0,67.0,74.0,78.0,13.0,3.0,0.0,0.0,384.0,398.0,782.0,,N,단설,주간,19831007,19831007,1171010600,서울특별시 송파구 삼전동,63번지.,138838,5584,서울특별시 송파구 백제고분로28길 19,(삼전동),37.501622,127.092467,02-415-8701,02-424-5914,http://samjeon.sen.es.kr,남녀공학,both,127.0928519,37.5016902
서울특별시교육청,서울특별시강동송파교육지원청,서울특별시 강동구,S010000923,서울상일초등학교,2,공립,N,,15.0,19.0,14.0,9.0,10.0,12.0,16.0,11.0,21.0,13.0,32.0,17.0,1.0,1.0,0.0,0.0,109.0,82.0,191.0,,N,단설,주간,19211002,19211002,1174010300,서울특별시 강동구 상일동,328번지.,134090,5283,서울특별시 강동구 천호대로 1477,(상일동),37.5475717228098,127.172661674027,02-428-0348,02-426-1756,http://seoulsangil.sen.es.kr,남녀공학,both,127.1722156,37.5472412
서울특별시교육청,서울특별시강동송파교육지원청,서울특별시 송파구,S010000924,서울석촌초등학교,2,공립,N,,66.0,55.0,58.0,57.0,52.0,56.0,71.0,57.0,63.0,63.0,63.0,70.0,12.0,1.0,0.0,0.0,385.0,359.0,744.0,,N,단설,주간,19900510,19890807,1171010500,서울특별시 송파구 석촌동,267번지.,138846,5689,서울특별시 송파구 가락로11길 26,", 서울석촌초등학교 (석촌동)",37.5027584,127.1048724,02-416-4075,02-420-6780,http://seokchon.sen.es.kr,남녀공학,both,127.1045735,37.5029128
서울특별시교육청,서울특별시강동송파교육지원청,서울특별시 강동구,S010000925,서울선린초등학교,2,공립,N,,32.0,46.0,34.0,45.0,38.0,23.0,41.0,38.0,43.0,22.0,39.0,19.0,5.0,1.0,0.0,0.0,232.0,194.0,426.0,,N,단설,주간,19851024,19850701,1174010600,서울특별시 강동구 둔촌동,91번지.,134062,5367,서울특별시 강동구 진황도로61길 29,", 서울선린초등학교 (둔촌동)",37.52921,127.145793,02-471-9800,02-488-6958,http://sunrin.sen.es.kr,남녀공학,both,127.1458312,37.5296015
서울특별시교육청,서울특별시강동송파교육지원청,서울특별시 강동구,S010000926,서울선사초등학교,2,공립,N,,50.0,41.0,49.0,42.0,50.0,48.0,77.0,53.0,60.0,56.0,60.0,52.0,0.0,0.0,0.0,0.0,346.0,292.0,638.0,,N,단설,주간,20011004,20010901,1174010700,서울특별시 강동구 암사동,186-1번지.,134876,5239,서울특별시 강동구 올림픽로 837,", 서울선사초등학교 (암사동, 서울선사초등학교)",37.5558490640718,127.128203441437,02-441-3492,02-441-8901,http://sunsa.sen.es.kr,남녀공학,both,127.1286875,37.5562081
서울특별시교육청,서울특별시강동송파교육지원청,서울특별시 강동구,S010000927,서울성내초등학교,2,공립,N,,72.0,82.0,72.0,66.0,77.0,51.0,66.0,69.0,70.0,62.0,66.0,62.0,10.0,2.0,0.0,0.0,433.0,394.0,827.0,,N,단설,주간,19690327,19690301,1174010800,서울특별시 강동구 성내동,300-3(동심길 15).,134031,5392,서울특별시 강동구 성내로3길 19,"(성내동, 서울성내초등학교)",37.5313587603475,127.122500141465,02-470-6354,02-471-9163,http://seongnae.sen.es.kr,남녀공학,both,127.1224709,37.5313675
서울특별시교육청,서울특별시강동송파교육지원청,서울특별시 강동구,S010000928,서울성일초등학교,2,공립,N,,102.0,71.0,101.0,78.0,100.0,77.0,95.0,87.0,94.0,96.0,97.0,90.0,4.0,4.0,0.0,0.0,593.0,503.0,1096.0,,N,단설,주간,19831006,19831006,1174010800,서울특별시 강동구 성내동,531번지.,134850,5396,서울특별시 강동구 성내로15길 33,", 서울성일초등학교 (성내동)",37.5291763,127.1283603,02-475-4641,02-485-4866,http://seongil.sen.es.kr,남녀공학,both,127.1285040,37.5295144
서울특별시교육청,서울특별시강동송파교육지원청,서울특별시 송파구,S010000929,서울세륜초등학교,2,공립,N,,41.0,37.0,45.0,43.0,48.0,51.0,57.0,50.0,59.0,59.0,72.0,64.0,6.0,5.0,0.0,0.0,328.0,309.0,637.0,,N,단설,주간,19890419,19881208,1171011100,서울특별시 송파구 방이동,89-23번지.,138151,5649,서울특별시 송파구 양재대로 1264,", 서울세륜초등학교 (방이동)",37.518634,127.133564,02-443-9561,02-443-5645,http://seryun.sen.es.kr,남녀공학,both,127.1343298,37.5187257
서울특별시교육청,서울특별시강동송파교육지원청,서울특별시 송파구,S010000930,서울송전초등학교,2,공립,N,,64.0,79.0,73.0,68.0,53.0,58.0,67.0,69.0,70.0,68.0,79.0,76.0,0.0,0.0,0.0,0.0,406.0,418.0,824.0,,N,단설,주간,19781031,19780511,1171010100,서울특별시 송파구 잠실동,44-2.,138223,5607,서울특별시 송파구 석촌호수로 159,(잠실동),37.5088156601451,127.095133116291,02-420-6124,02-420-6126,http://ssj.sen.es.kr,남녀공학,both,127.0949135,37.5086351
서울특별시교육청,서울특별시강동송파교육지원청,서울특별시 송파구,S010000931,서울송파초등학교,2,공립,N,,53.0,43.0,46.0,42.0,46.0,47.0,47.0,46.0,46.0,44.0,46.0,58.0,5.0,0.0,0.0,0.0,289.0,280.0,569.0,,N,단설,주간,19851021,19851021,1171010400,서울특별시 송파구 송파동,114번지.,138171,5666,서울특별시 송파구 백제고분로 400,(송파동),37.5071366477341,127.111118849412,02-414-0644,02-420-8637,http://songpa.sen.es.kr,남녀공학,both,127.1112341,37.5072895
서울특별시교육청,서울특별시강동송파교육지원청,서울특별시 송파구,S010000932,서울신가초등학교,2,공립,N,,61.0,67.0,56.0,58.0,54.0,50.0,55.0,66.0,53.0,68.0,41.0,46.0,9.0,2.0,0.0,0.0,329.0,357.0,686.0,,N,단설,주간,19881020,19880802,1171010700,서울특별시 송파구 가락동,43-1번지(장지동길 75).,138801,5706,서울특별시 송파구 송이로 75,", 서울신가초등학교 (가락동)",37.5003633354043,127.11988008026,02-401-4677,02-401-7628,http://singa.sen.es.kr,남녀공학,both,127.1197670,37.5003511
서울특별시교육청,서울특별시강동송파교육지원청,서울특별시 강동구,S010000933,서울신명초등학교,2,공립,N,,39.0,38.0,27.0,24.0,39.0,34.0,49.0,42.0,37.0,27.0,47.0,42.0,3.0,2.0,0.0,0.0,241.0,209.0,450.0,,N,단설,주간,19820504,19820504,1174010500,서울특별시 강동구 길2동,42번지.,134808,5300,서울특별시 강동구 명일로24길 33,", 서울신명초등학교 (길동)",37.5409425176229,127.149988966654,02-489-4074,02-472-9138,http://shinmyung.sen.es.kr,남녀공학,both,127.1499680,37.5409667
서울특별시교육청,서울특별시강동송파교육지원청,서울특별시 강동구,S010000934,서울신암초등학교,2,공립,N,,85.0,54.0,54.0,61.0,55.0,49.0,70.0,69.0,59.0,52.0,39.0,60.0,6.0,5.0,0.0,0.0,368.0,350.0,718.0,,N,단설,주간,19801103,19801025,1174010700,서울특별시 강동구 암사동,517번지(신암 2길 19~13).,134877,5242,서울특별시 강동구 올림픽로93길 33-16,", 서울신암초등학교 (암사동)",37.5500218719991,127.124404692941,02-3427-0351,02-3427-0354,http://shinam.sen.es.kr,남녀공학,both,127.1245250,37.5498221
서울특별시교육청,서울특별시강동송파교육지원청,서울특별시 송파구,S010000935,서울신천초등학교,2,공립,N,,30.0,31.0,32.0,37.0,31.0,30.0,29.0,39.0,37.0,34.0,39.0,38.0,11.0,1.0,0.0,0.0,209.0,210.0,419.0,,N,단설,주간,19590526,19590526,1171010100,서울특별시 송파구 잠실동,27-5.,138916,5503,서울특별시 송파구 올림픽로 215,"(잠실동, 주공아파트)",37.5139983139567,127.095035632517,02-422-0289,02-420-7944,http://sh.sen.es.kr,남녀공학,both,127.0952269,37.5140355
서울특별시교육청,서울특별시강동송파교육지원청,서울특별시 송파구,S010000936,서울아주초등학교,2,공립,N,,32.0,30.0,41.0,29.0,25.0,28.0,40.0,32.0,44.0,40.0,37.0,43.0,0.0,0.0,0.0,0.0,219.0,202.0,421.0,,N,단설,주간,19870424,19861217,1171010100,서울특별시 송파구 잠실동,354번지.,138227,5572,서울특별시 송파구 올림픽로4길 59,", 서울아주초등학교 (잠실동)",37.5058275216473,127.075766881992,02-416-8388,02-412-5311,http://aju.sen.es.kr,남녀공학,both,127.0756361,37.5058803
서울특별시교육청,서울특별시강동송파교육지원청,서울특별시 송파구,S010000937,서울영풍초등학교,2,공립,N,,53.0,60.0,47.0,53.0,47.0,46.0,50.0,64.0,71.0,56.0,53.0,52.0,3.0,3.0,0.0,0.0,324.0,334.0,658.0,,N,단설,주간,19821010,19821010,1171011300,서울특별시 송파구 거여동,12번지.,138813,5744,서울특별시 송파구 오금로57길 15,", 서울영풍초등학교 (거여동)",37.4962217990649,127.143014937983,02-407-2252,02-449-6883,http://youngpung.sen.es.kr,남녀공학,both,127.1431774,37.4962098
서울특별시교육청,서울특별시강동송파교육지원청,서울특별시 송파구,S010000938,서울오금초등학교,2,공립,N,,61.0,68.0,43.0,60.0,61.0,52.0,46.0,41.0,59.0,52.0,57.0,51.0,2.0,1.0,0.0,0.0,329.0,325.0,654.0,,N,단설,주간,19930720,19930720,1171011200,서울특별시 송파구 오금동,7번지.,138855,5654,서울특별시 송파구 위례성대로22길 11,"(오금동, 서울오금초등학교)",37.5093861683798,127.131571335424,02-449-9902,02-408-8316,http://ogum.sen.es.kr,남녀공학,both,127.1315050,37.5094918
서울특별시교육청,서울특별시강동송파교육지원청,서울특별시 송파구,S010000939,서울오륜초등학교,2,공립,N,,41.0,27.0,38.0,23.0,33.0,47.0,57.0,49.0,60.0,47.0,58.0,47.0,0.0,0.0,0.0,0.0,287.0,240.0,527.0,,N,단설,주간,19890419,19881208,1171011100,서울특별시 송파구 방이동,89-16번지.,138050,5649,서울특별시 송파구 양재대로 1196,", 서울오륜초등학교 (방이동)",37.5124246492196,127.134508435765,02-403-8823,02-443-5681,http://oryun.sen.es.kr,남녀공학,both,127.1345034,37.5124700
서울특별시교육청,서울특별시강동송파교육지원청,서울특별시 송파구,S010000941,서울잠동초등학교,2,공립,N,,79.0,81.0,57.0,66.0,69.0,80.0,74.0,62.0,69.0,78.0,65.0,86.0,0.0,0.0,0.0,0.0,413.0,453.0,866.0,,N,단설,주간,19800929,19800929,1171010200,서울특별시 송파구 신천동,7-2(신천동길 29).,138240,5504,서울특별시 송파구 올림픽로35길 122,"(신천동, 잠동초등학교)",37.518515,127.100041,02-419-5464,02-416-0142,http://jamdong.sen.es.kr,남녀공학,both,127.0999633,37.5183492
서울특별시교육청,서울특별시강동송파교육지원청,서울특별시 송파구,S010000942,서울잠신초등학교,2,공립,N,,113.0,92.0,107.0,121.0,130.0,126.0,132.0,147.0,126.0,127.0,128.0,141.0,0.0,0.0,0.0,0.0,736.0,754.0,1490.0,,N,단설,주간,19811017,19810805,1171010100,서울특별시 송파구 잠실동,22-10.,138911,5502,서울특별시 송파구 잠실로 32,", 서울잠신초등학교 (잠실동)",37.5141479659787,127.08794602929,02-412-3286,02-412-3287,http://jamshin.sen.es.kr,남녀공학,both,127.0879453,37.5141005
서울특별시교육청,서울특별시강동송파교육지원청,서울특별시 송파구,S010000943,서울잠실초등학교,2,공립,N,,114.0,65.0,91.0,95.0,93.0,75.0,102.0,84.0,94.0,75.0,103.0,97.0,5.0,2.0,0.0,0.0,602.0,493.0,1095.0,,N,단설,주간,19751031,19751101,1171010200,서울특별시 송파구 신천동,20-1.,138224,5507,서울특별시 송파구 올림픽로35길 20,"(신천동,잠실초등학교)",37.5201684001225,127.111504680703,0234323571,0234323577,http://jamsil.sen.es.kr,남녀공학,both,127.1111882,37.5202956
서울특별시교육청,서울특별시강동송파교육지원청,서울특별시 송파구,S010000944,서울잠일초등학교,2,공립,N,,146.0,123.0,127.0,120.0,131.0,157.0,180.0,157.0,160.0,147.0,145.0,143.0,5.0,1.0,0.0,0.0,894.0,848.0,1742.0,,N,단설,주간,19761001,19760312,1171010100,서울특별시 송파구 잠실동,19-1.,05501,5501,서울특별시 송파구 올림픽로 95,", 서울잠일초등학교 (잠실동)",37.5147399506922,127.081635084002,02-413-2853,02-413-2651,http://jamil.sen.es.kr,남녀공학,both,127.0816089,37.5150471
서울특별시교육청,서울특별시강동송파교육지원청,서울특별시 송파구,S010000945,서울잠전초등학교,2,공립,N,,46.0,41.0,34.0,33.0,35.0,39.0,42.0,61.0,44.0,53.0,56.0,37.0,3.0,1.0,0.0,0.0,260.0,265.0,525.0,,N,단설,주간,19811126,19810909,1171010100,서울특별시 송파구 잠실동,229(새내길 18번지).,138863,5568,서울특별시 송파구 올림픽로12길 51,", 서울잠전초등학교 (잠실동)",37.5073393539262,127.083848321349,02-423-5625,02-420-1903,http://jamjeon.sen.es.kr,남녀공학,both,127.0843746,37.5071077
서울특별시교육청,서울특별시강동송파교육지원청,서울특별시 송파구,S010000946,서울중대초등학교,2,공립,N,,85.0,73.0,93.0,75.0,89.0,89.0,96.0,91.0,86.0,82.0,94.0,70.0,4.0,1.0,0.0,0.0,547.0,481.0,1028.0,,N,단설,주간,19241113,19241113,1171010400,서울특별시 송파구 송파동,191.,138854,5677,서울특별시 송파구 송파대로36길 8,(송파동),37.4998109131587,127.113605004135,02-422-7236,02-421-0297,http://joongdae.sen.es.kr,남녀공학,both,127.1136135,37.4997693
서울특별시교육청,서울특별시강동송파교육지원청,서울특별시 강동구,S010000947,서울천동초등학교,2,공립,N,,88.0,67.0,75.0,64.0,65.0,62.0,66.0,73.0,59.0,52.0,51.0,80.0,4.0,3.0,0.0,0.0,408.0,401.0,809.0,,N,단설,주간,19830607,19821207,1174010500,서울 강동구 길동,371-1.,134813,5341,서울특별시 강동구 성안로 200,", 서울천동초등학교 (길동)",37.5410150020629,127.137827594235,02-483-4445,02-475-3798,http://scd.sen.es.kr,남녀공학,both,127.1376317,37.5407831
서울특별시교육청,서울특별시강동송파교육지원청,서울특별시 강동구,S010000948,서울천일초등학교,2,공립,N,,26.0,27.0,29.0,19.0,18.0,18.0,24.0,27.0,24.0,26.0,32.0,22.0,4.0,2.0,0.0,0.0,157.0,141.0,298.0,,N,단설,주간,19851017,19851017,1174010900,서울특별시 강동구 천호동,217-70번지.,134865,5330,서울특별시 강동구 구천면로 266,", 서울천일초등학교 (천호동)",37.5443609471346,127.133438754847,02-472-8700,02-473-9055,https://chunil.sen.es.kr,남녀공학,both,127.1332820,37.5442576
서울특별시교육청,서울특별시강동송파교육지원청,서울특별시 강동구,S010000949,서울천호초등학교,2,공립,N,,63.0,50.0,54.0,52.0,53.0,52.0,53.0,59.0,58.0,64.0,59.0,54.0,5.0,4.0,0.0,0.0,345.0,335.0,680.0,,N,단설,주간,19440920,19440501,1174010900,서울특별시 강동구 천호동,230-9번지.,134021,5309,서울특별시 강동구 구천면로 310-11,"(천호동,서울천호초등학교)",37.5477198694539,127.136590634519,02-470-9771,02-485-2192,http://chunho.sen.es.kr,남녀공학,both,127.1365218,37.5473320
서울특별시교육청,서울특별시강동송파교육지원청,서울특별시 송파구,S010000950,서울토성초등학교,2,공립,N,,55.0,52.0,49.0,53.0,63.0,52.0,66.0,68.0,66.0,55.0,71.0,65.0,3.0,1.0,0.0,0.0,373.0,346.0,719.0,,N,단설,주간,19840421,19840421,1171010300,서울특별시 송파구 풍납동,251번지(벌말8길 48).,138874,5533,서울특별시 송파구 풍성로20길 44,", 서울토성초등학교 (풍납동)",37.5318810579336,127.115631275949,02-475-5036,02-475-5038,http://stosung.sen.es.kr,남녀공학,both,127.1158869,37.5320341
서울특별시교육청,서울특별시강동송파교육지원청,서울특별시 송파구,S010000951,서울평화초등학교,2,공립,N,,15.0,18.0,11.0,17.0,16.0,8.0,21.0,10.0,16.0,10.0,14.0,16.0,2.0,2.0,0.0,0.0,95.0,81.0,176.0,,N,단설,주간,19921021,19921021,1171010700,서울특별시 송파구 가락동,106번지.,138806,5831,서울특별시 송파구 송파대로26길 22,", 서울평화초등학교 (가락동)",37.491587,127.122669,02-443-2748,02-404-3425,http://pyunghwa.sen.es.kr,남녀공학,both,127.1226859,37.4916700
서울특별시교육청,서울특별시강동송파교육지원청,서울특별시 송파구,S010000952,서울풍납초등학교,2,공립,N,,27.0,30.0,34.0,37.0,33.0,20.0,37.0,29.0,38.0,25.0,40.0,31.0,4.0,3.0,0.0,0.0,213.0,175.0,388.0,,N,단설,주간,19800801,19800801,1171010300,서울특별시 송파구 풍납동,165.,138873,5522,서울특별시 송파구 풍성로 43,(풍납동),37.5350864091607,127.11786739536,02-477-8151,02-485-0910,http://poongnap.sen.es.kr,남녀공학,both,127.1179413,37.5352450
서울특별시교육청,서울특별시강동송파교육지원청,서울특별시 송파구,S010000953,서울풍성초등학교,2,공립,N,,21.0,19.0,40.0,21.0,29.0,38.0,23.0,22.0,28.0,20.0,19.0,23.0,4.0,0.0,0.0,0.0,164.0,143.0,307.0,,N,단설,주간,19910424,19910424,1171010300,서울특별시 송파구 풍납동,388-8.,138878,5506,서울특별시 송파구 강동대로2길 13,", (풍납동,풍성초등학교)",37.5262933266267,127.113486770584,02-485-9957,02-488-5391,http://poongsung.sen.es.kr,남녀공학,both,127.1134877,37.5263035
서울특별시교육청,서울특별시강동송파교육지원청,서울특별시 강동구,S010000954,서울한산초등학교,2,공립,N,,64.0,62.0,54.0,49.0,79.0,60.0,60.0,62.0,63.0,63.0,68.0,58.0,3.0,2.0,0.0,0.0,391.0,356.0,747.0,,N,단설,주간,19900501,19900501,1174010600,서울특별시 강동구 둔촌동,149번지.,134818,5371,서울특별시 강동구 풍성로 261,"(서울한산초등학교, 둔촌동)",37.5286962959474,127.141076726939,02-475-5762,02-471-6856,http://hansan.sen.es.kr/,남녀공학,both,127.1414750,37.5284667
서울특별시교육청,서울특별시강서양천교육지원청,서울특별시 강서구,S010001004,서울가곡초등학교,2,공립,N,,36.0,52.0,57.0,68.0,66.0,50.0,74.0,76.0,68.0,80.0,72.0,79.0,0.0,0.0,0.0,0.0,373.0,405.0,778.0,,N,단설,주간,19930413,19920715,1150010500,서울특별시 강서구 마곡동,153-7번지.,157281,7633,서울특별시 강서구 공항대로36길 74,"(내발산동,가곡초등학교)",37.5557076032897,126.836101829614,02-2661-5995,02-2663-5284,http://gagok.sen.es.kr,남녀공학,both,126.8359343,37.5556500
서울특별시교육청,서울특별시강서양천교육지원청,서울특별시 강서구,S010001005,서울가양초등학교,2,공립,N,,19.0,24.0,20.0,13.0,16.0,18.0,10.0,17.0,19.0,14.0,17.0,17.0,7.0,1.0,0.0,0.0,108.0,104.0,212.0,,N,단설,주간,19920715,19920715,1150010400,서울특별시 강서구 가양동,1484.,157809,7533,서울 강서구 허준로 186,", (가양동,가양초등학교)",37.5622165608739,126.858520540158,02-2668-2101,02-2668-2105,http://kayang.sen.es.kr,남녀공학,both,126.8587584,37.5620871
서울특별시교육청,서울특별시강서양천교육지원청,서울특별시 양천구,S010001006,서울갈산초등학교,2,공립,N,,75.0,82.0,87.0,57.0,91.0,75.0,85.0,89.0,126.0,104.0,114.0,84.0,0.0,0.0,0.0,0.0,578.0,491.0,1069.0,,N,단설,주간,19871126,19870909,1147010100,서울특별시 양천구 신정동,330-10.,158077,8100,서울특별시 양천구 목동로 31,", 서울갈산초등학교 (신정동)",37.51198933541293,126.86979891843268,02-2649-7232,02-2651-9881,http://galsan.sen.es.kr,남녀공학,both,126.8698245,37.5119517
서울특별시교육청,서울특별시강서양천교육지원청,서울특별시 양천구,S010001007,서울강서초등학교,2,공립,N,,52.0,66.0,102.0,80.0,77.0,76.0,88.0,91.0,97.0,78.0,112.0,95.0,11.0,1.0,0.0,0.0,539.0,487.0,1026.0,,N,단설,주간,19801018,19801018,1147010300,서울특별시 양천구 신월동,441번지.,158833,7930,서울특별시 양천구 오목로 31,"(신월동, 서울강서초등학교)",37.5224133541877,126.840989217209,02-2091-6600,02-2696-2358,http://kangseo.sen.es.kr,남녀공학,both,126.8409610,37.5224553
서울특별시교육청,서울특별시강서양천교육지원청,서울특별시 양천구,S010001008,서울강신초등학교,2,공립,N,,64.0,58.0,57.0,62.0,68.0,58.0,64.0,68.0,76.0,81.0,64.0,50.0,2.0,2.0,0.0,0.0,395.0,379.0,774.0,,N,단설,주간,19850419,19850419,1147010300,서울특별시 양천구 신월동,6-7번지.,158822,7901,서울특별시 양천구 월정로 280,", 서울강신초등학교 (신월동,서울강신초등학교)",37.543019,126.8292741,02-2697-3035,02-2696-4985,http://kangsin.sen.es.kr,남녀공학,both,126.8292741,37.5430190
서울특별시교육청,서울특별시강서양천교육지원청,서울특별시 양천구,S010001009,서울강월초등학교,2,공립,N,,29.0,40.0,49.0,52.0,52.0,37.0,56.0,58.0,44.0,39.0,53.0,51.0,3.0,2.0,0.0,0.0,286.0,279.0,565.0,,N,병설,주간,19880506,19880209,1147010300,서울특별시 양천구 신월동,987-3번지 (신월로 300).,158847,8042,서울특별시 양천구 신월로 97,"(신월동,서울강월초등학교)",37.5163409961155,126.833432503062,02-2605-0501,02-2605-4550,http://gangwol.sen.es.kr,남녀공학,both,126.8339484,37.5164142
서울특별시교육청,서울특별시강서양천교육지원청,서울특별시 강서구,S010001010,서울개화초등학교,2,공립,N,,7.0,10.0,4.0,6.0,11.0,7.0,3.0,10.0,13.0,5.0,12.0,10.0,3.0,3.0,0.0,0.0,53.0,51.0,104.0,,N,단설,주간,19560710,19560510,1150010900,서울특별시 강서구 방화동,501번지.,157849,7507,서울특별시 강서구 양천로 11,"(방화동,개화초등학교)",37.573669,126.804339,02-2662-0492,02-2666-2049,http://gaehwa.sen.es.kr,남녀공학,both,126.8046012,37.5739670
서울특별시교육청,서울특별시강서양천교육지원청,서울특별시 양천구,S010001011,서울경인초등학교,2,공립,N,,87.0,76.0,74.0,66.0,103.0,73.0,128.0,85.0,115.0,95.0,141.0,95.0,0.0,0.0,0.0,0.0,648.0,490.0,1138.0,,N,단설,주간,19861127,19861127,1147010200,서울특별시 양천구 목동,911-4.,158050,7985,서울특별시 양천구 안양천로 1009,"(목동,서울경인초등학교)",37.5328698484637,126.885697714193,02-2647-2568,02-2642-8430,http://kyongin.sen.es.kr,남녀공학,both,126.8864688,37.5330714
서울특별시교육청,서울특별시강서양천교육지원청,서울특별시 양천구,S010001012,서울계남초등학교,2,공립,N,,62.0,54.0,51.0,57.0,62.0,53.0,68.0,82.0,66.0,63.0,73.0,90.0,1.0,2.0,0.0,0.0,383.0,401.0,784.0,,N,단설,주간,19790506,19790506,1147010100,서울특별시 양천구 신정동,325-7번지.,158077,8099,서울특별시 양천구 목동동로2길 54,", 서울계남초등학교 (신정동,서울계남초등학교)",37.5101693827234,126.860016811027,02-2645-8754,02-2643-2238,http://gyenam.sen.es.kr,남녀공학,both,126.8600250,37.5103833
서울특별시교육청,서울특별시강서양천교육지원청,서울특별시 강서구,S010001013,서울공진초등학교,2,공립,N,,162.0,147.0,190.0,156.0,185.0,187.0,152.0,154.0,151.0,148.0,114.0,114.0,4.0,2.0,0.0,0.0,958.0,908.0,1866.0,,N,단설,주간,19921105,19921125,1150010500,서울특별시 강서구 마곡동,749-2  서울공진초등학교.,157210,7810,서울특별시 강서구 마곡서로 33,", 서울공진초등학교 (마곡동 749-2)",37.5578288729643,126.822611032387,02-2223-2300,02-2223-2310,http://kongjin.sen.es.kr,남녀공학,both,126.8226819,37.5578005
서울특별시교육청,서울특별시강서양천교육지원청,서울특별시 강서구,S010001014,서울공항초등학교,2,공립,N,,122.0,131.0,128.0,146.0,125.0,135.0,162.0,140.0,126.0,123.0,108.0,105.0,5.0,4.0,0.0,0.0,776.0,784.0,1560.0,,N,단설,주간,19830506,19821110,1150010800,서울특별시 강서구 공항동,743-5번지.,157210,7798,서울특별시 강서구 마곡서1로 68,(마곡동),37.5630892370354,126.821647808435,02-2664-1176,02-2661-3405,http://konghang.sen.es.kr,남녀공학,both,126.8215702,37.5632145
서울특별시교육청,서울특별시강서양천교육지원청,서울특별시 양천구,S010001015,서울남명초등학교,2,공립,N,,49.0,53.0,37.0,46.0,39.0,29.0,41.0,46.0,40.0,32.0,26.0,38.0,7.0,6.0,0.0,0.0,239.0,250.0,489.0,,N,단설,주간,19911030,19911030,1147010100,서울특별시 양천구 신정동,653-5번지.,158073,8077,서울특별시 양천구 중앙로23길 3,"(신정동,서울남명초등학교)",37.5156835515244,126.854083905291,02-2607-5092,02-2607-5096,http://nammyeong.sen.es.kr,남녀공학,both,126.8536600,37.5154982
서울특별시교육청,서울특별시강서양천교육지원청,서울특별시 강서구,S010001016,서울내발산초등학교,2,공립,N,,100.0,104.0,91.0,115.0,99.0,90.0,131.0,133.0,146.0,141.0,123.0,116.0,8.0,1.0,0.0,0.0,698.0,700.0,1398.0,,N,단설,주간,19840621,19831203,1150010600,서울특별시 강서구 내발산동,707 (검덕산길 104번지).,157832,7693,서울특별시 강서구 강서로46길 23,"(내발산동,내발산초등학교)",37.5508811022761,126.838162973054,02-3662-7565,02-3664-0993,http://nbs.sen.es.kr,남녀공학,both,126.8379293,37.5516265
서울특별시교육청,서울특별시강서양천교육지원청,서울특별시 강서구,S010001017,서울등명초등학교,2,공립,N,,13.0,4.0,8.0,9.0,5.0,0.0,9.0,13.0,12.0,8.0,5.0,8.0,2.0,0.0,0.0,0.0,54.0,42.0,96.0,,N,단설,주간,19950901,19950901,1150010200,서울특별시 강서구 등촌동,690-2번지.,157033,7585,서울특별시 강서구 강서로56나길 34,"(등촌동,등명초등학교)",37.56088,126.842329,02-2658-3693,02-2658-3695,http://dungmyong.sen.es.kr,남녀공학,both,126.8424701,37.5608814
서울특별시교육청,서울특별시강서양천교육지원청,서울특별시 강서구,S010001018,서울등서초등학교,2,공립,N,,24.0,26.0,17.0,19.0,21.0,11.0,26.0,34.0,30.0,22.0,31.0,15.0,0.0,4.0,0.0,0.0,149.0,131.0,280.0,,N,단설,주간,19841102,19841102,1150010300,서울특별시 강서구 화곡동,1130-4번지.,157928,7656,서울특별시 강서구 화곡로58길 86,"(화곡동,등서초등학교)",37.5518833087335,126.855036397904,02-2695-4555,02-2601-3680,http://deungseo.sen.es.kr,남녀공학,both,126.8550739,37.5519015
서울특별시교육청,서울특별시강서양천교육지원청,서울특별시 강서구,S010001019,서울등양초등학교,2,공립,N,,16.0,20.0,15.0,10.0,9.0,17.0,13.0,10.0,9.0,11.0,12.0,12.0,3.0,0.0,0.0,0.0,77.0,80.0,157.0,,N,단설,주간,19941130,19941130,1150010200,서울특별시 강서구 등촌동,691.,157033,7580,서울특별시 강서구 강서로56나길 140,", 등양초등학교 (등촌동,등양초등학교)",37.5,126.8,02-2658-0072,02-2658-0074,http://dungyang.sen.es.kr,남녀공학,both,126.8447572,37.5650839
서울특별시교육청,서울특별시강서양천교육지원청,서울특별시 강서구,S010001020,서울등원초등학교,2,공립,N,,14.0,14.0,12.0,15.0,14.0,12.0,14.0,9.0,10.0,17.0,18.0,5.0,7.0,1.0,0.0,0.0,89.0,73.0,162.0,,N,단설,주간,19941101,19941101,1150010200,서울특별시 강서구 등촌동,704-1번지 .,157033,7577,서울특별시 강서구 화곡로65길 90,", 서울등원초등학교 (등촌동)",37.560326,126.850073,02-2658-2233,02-2658-2231,http://deungwon.sen.es.kr,남녀공학,both,126.8498101,37.5609135
서울특별시교육청,서울특별시강서양천교육지원청,서울특별시 강서구,S010001021,서울등촌초등학교,2,공립,N,,48.0,41.0,35.0,47.0,36.0,27.0,46.0,41.0,37.0,40.0,50.0,40.0,1.0,1.0,0.0,0.0,253.0,237.0,490.0,,N,단설,주간,19821027,19820707,1150010200,서울특별시 강서구 등촌동,520-4.,157836,7669,서울특별시 강서구 등촌로39길 71,"(등촌동,등촌초등학교)",37.5476125061974,126.857941601296,02-2653-9374,02-2653-3912,http://deungchon.sen.es.kr,남녀공학,both,126.8578127,37.5476372
서울특별시교육청,서울특별시강서양천교육지원청,서울특별시 강서구,S010001022,서울등현초등학교,2,공립,N,,47.0,44.0,51.0,47.0,48.0,44.0,50.0,40.0,40.0,56.0,54.0,46.0,0.0,0.0,0.0,0.0,290.0,277.0,567.0,,N,단설,주간,19951021,19950110,1150010200,서울특별시 강서구 등촌동,702-5번지.,157033,7578,서울특별시 강서구 화곡로65길 124,"(등촌동,등현초등학교)",37.5613697,126.8480367,02-2658-7851,02-2658-7855,http://deunghyun.sen.es.kr,남녀공학,both,126.8476606,37.5614371
서울특별시교육청,서울특별시강서양천교육지원청,서울특별시 양천구,S010001023,서울목동초등학교,2,공립,N,,95.0,98.0,90.0,116.0,112.0,105.0,129.0,135.0,126.0,123.0,132.0,138.0,10.0,2.0,0.0,0.0,694.0,717.0,1411.0,,N,단설,주간,19740710,19731211,1147010100,서울특별시 양천구 신정동,86-2번지.,158849,8010,서울특별시 양천구 목동동로12길 12,"(신정동,서울목동초등학교)",37.5228079602599,126.872120089599,02-2645-6356,02-2653-5889,http://smd.sen.es.kr,남녀공학,both,126.8722330,37.5227725
서울특별시교육청,서울특별시강서양천교육지원청,서울특별시 양천구,S010001024,서울목원초등학교,2,공립,N,,32.0,21.0,21.0,23.0,41.0,34.0,43.0,35.0,45.0,60.0,58.0,61.0,0.0,0.0,0.0,0.0,240.0,234.0,474.0,,N,단설,주간,19950605,19950605,1147010200,서울특별시 양천구 목동,929 번지.,158050,7978,서울특별시 양천구 목동중앙로 204,"(목동,목원초등학교)",37.5429362307617,126.882446132334,02-2643-5771,02-2643-5774,http://mokwon.sen.es.kr,남녀공학,both,126.8825314,37.5430283
서울특별시교육청,서울특별시강서양천교육지원청,서울특별시 강서구,S010001025,서울발산초등학교,2,공립,N,,82.0,65.0,84.0,66.0,90.0,85.0,107.0,103.0,108.0,98.0,106.0,101.0,6.0,5.0,0.0,0.0,583.0,523.0,1106.0,,N,단설,주간,19791018,19791018,1150010600,서울특별시 강서구 내발산동,산412.,157703,7640,서울특별시 강서구 강서로45길 113,"(내발산동,발산초등학교)",37.550352,126.831075,02-2664-7502,02-2661-0084,http://balsan.sen.es.kr,남녀공학,both,126.8310070,37.5502937
서울특별시교육청,서울특별시강서양천교육지원청,서울특별시 강서구,S010001026,서울방화초등학교,2,공립,N,,49.0,46.0,47.0,48.0,35.0,35.0,56.0,57.0,49.0,43.0,40.0,49.0,4.0,1.0,0.0,0.0,280.0,279.0,559.0,,N,단설,주간,19860506,19860129,1150010900,서울특별시 강서구 방화동,542-2.,157850,7611,서울특별시 강서구 양천로6길 92,(방화동),37.568847,126.806877,02-2663-2421,02-2661-0375,http://banghwa.sen.es.kr,남녀공학,both,126.8068568,37.5688772
서울특별시교육청,서울특별시강서양천교육지원청,서울특별시 강서구,S010001027,서울백석초등학교,2,공립,N,,38.0,46.0,46.0,42.0,41.0,32.0,38.0,44.0,47.0,29.0,45.0,29.0,3.0,2.0,0.0,0.0,258.0,224.0,482.0,,N,단설,주간,19840522,19840522,1150010200,서울특별시 강서구 등촌동,650-14번지.,157841,7564,서울특별시 강서구 공항대로 491,"(등촌동,백석초등학교)",37.55357,126.86221,02-3661-3237,02-3661-3238,http://bsbs.sen.es.kr,남녀공학,both,126.8621992,37.5535392
서울특별시교육청,서울특별시강서양천교육지원청,서울특별시 강서구,S010001028,서울삼정초등학교,2,공립,N,,24.0,19.0,18.0,18.0,20.0,22.0,19.0,19.0,19.0,14.0,22.0,18.0,0.0,4.0,0.0,0.0,122.0,114.0,236.0,,N,단설,주간,19940506,19940506,1150010900,서울특별시 강서구 방화동,798.,157223,7508,서울특별시 강서구 금낭화로 222,", 서울삼정초등학교 (방화동)",37.5805078932366,126.810493461186,02-2661-2273,02-2661-2275,https://esamjeong.sen.es.kr,남녀공학,both,126.8105583,37.5805903
서울특별시교육청,서울특별시강서양천교육지원청,서울특별시 양천구,S010001029,서울서정초등학교,2,공립,N,,60.0,56.0,61.0,68.0,55.0,73.0,69.0,86.0,84.0,75.0,78.0,79.0,2.0,1.0,0.0,0.0,409.0,438.0,847.0,,N,단설,주간,19871017,19870831,1147010200,서울특별시 양천구 목동,927-5번지.,158050,8002,서울특별시 양천구 목동로8길 19,"(목동,서울서정초등학교)",37.5234512930723,126.867236519411,02-2648-7003,02-2643-3431,http://sj.sen.es.kr,남녀공학,both,126.8670585,37.5242192
서울특별시교육청,서울특별시강서양천교육지원청,서울특별시 강서구,S010001030,서울송정초등학교,2,공립,N,,64.0,99.0,55.0,58.0,57.0,43.0,57.0,66.0,72.0,32.0,57.0,64.0,2.0,4.0,0.0,0.0,364.0,366.0,730.0,,N,단설,주간,19360906,19360906,1150010800,서울특별시 강서구 공항동,22-16.,157811,7619,서울특별시 강서구 공항대로3길 18,(공항동),37.562177,126.810898,02-2662-0016,02-2662-6334,http://sjes.sen.es.kr,남녀공학,both,126.8110921,37.5627394
서울특별시교육청,서울특별시강서양천교육지원청,서울특별시 강서구,S010001031,서울송화초등학교,2,공립,N,,97.0,87.0,97.0,97.0,117.0,100.0,99.0,120.0,116.0,105.0,79.0,88.0,3.0,2.0,0.0,0.0,608.0,599.0,1207.0,,N,단설,주간,19900120,19900120,1150010900,서울특별시 강서구 방화동,240-6번지.,157846,7598,서울특별시 강서구 방화대로34길 2,"(방화동,송화초등학교)",37.5681509143848,126.81803169325,02-2665-7093,02-2661-2575,http://www.songhwa.es.kr,남녀공학,both,126.8175165,37.5687746
서울특별시교육청,서울특별시강서양천교육지원청,서울특별시 양천구,S010001032,서울신강초등학교,2,공립,N,,41.0,24.0,37.0,39.0,31.0,31.0,28.0,33.0,57.0,38.0,45.0,41.0,4.0,0.0,0.0,0.0,243.0,206.0,449.0,,N,단설,주간,19840601,19831203,1147010300,서울특별시 양천구 신월동,448-5.,158834,7931,서울특별시 양천구 중앙로55길 72,", 서울신강초등학교 (신월동,서울신강초등학교)",37.526093,126.841651,02-2608-2567,02-2606-2307,http://singang.sen.es.kr,남녀공학,both,126.8417446,37.5262026
서울특별시교육청,서울특별시강서양천교육지원청,서울특별시 강서구,S010001033,서울신곡초등학교,2,공립,N,,48.0,48.0,51.0,48.0,44.0,46.0,57.0,71.0,67.0,61.0,57.0,50.0,7.0,2.0,0.0,0.0,331.0,326.0,657.0,,N,단설,주간,19841022,19830617,1150010300,서울특별시 강서구 화곡동,산22-3.,157014,7731,서울특별시 강서구 등촌로13자길 42-14,"(화곡동,신곡초등학교)",37.538577,126.855847,02-2643-2248,02-2643-6533,http://sg.sen.es.kr,남녀공학,both,126.8557448,37.5389320
서울특별시교육청,서울특별시강서양천교육지원청,서울특별시 양천구,S010001034,서울신남초등학교,2,공립,N,,111.0,86.0,81.0,76.0,73.0,68.0,57.0,73.0,67.0,62.0,60.0,46.0,9.0,2.0,0.0,0.0,458.0,413.0,871.0,,N,단설,주간,19831024,19831024,1147010300,서울특별시 양천구 신월동,587.,158842,8065,서울특별시 양천구 신월동 587,", 44 (신월동)",37.515897,126.844706,02-2697-5822,02-2697-5820,http://sinnam.sen.es.kr,남녀공학,both,126.8442583,37.5160521
서울특별시교육청,서울특별시강서양천교육지원청,서울특별시 양천구,S010001035,서울신목초등학교,2,공립,N,,60.0,61.0,66.0,65.0,86.0,79.0,92.0,95.0,110.0,99.0,111.0,109.0,11.0,3.0,0.0,0.0,536.0,511.0,1047.0,,N,단설,주간,19820408,19820408,1147010100,서울특별시 양천구 신정동,281.,158852,8017,서울특별시 양천구 신목로5길 11-6,"(신정동,서울신목초등학교)",37.516832,126.872897,02-2649-8497,02-2643-1410,http://sinmoc.sen.es.kr,남녀공학,both,126.8725581,37.5170816
서울특별시교육청,서울특별시강서양천교육지원청,서울특별시 양천구,S010001036,서울신서초등학교,2,공립,N,,56.0,78.0,100.0,95.0,109.0,99.0,97.0,96.0,99.0,90.0,112.0,112.0,0.0,0.0,0.0,0.0,573.0,570.0,1143.0,,N,단설,주간,19871022,19871022,1147010100,서울특별시 양천구 신정동,312번지.,158071,8089,서울특별시 양천구 목동서로10길 35,(신정동 312-1번지),37.520558867669,126.862332212137,02-2648-0878,02-2644-4634,http://sinseo.sen.es.kr,남녀공학,both,126.8623965,37.5205227
서울특별시교육청,서울특별시강서양천교육지원청,서울특별시 양천구,S010001037,서울신원초등학교,2,공립,N,,28.0,23.0,46.0,32.0,37.0,38.0,39.0,32.0,45.0,29.0,29.0,32.0,8.0,1.0,0.0,0.0,232.0,187.0,419.0,,N,단설,주간,19811012,19811012,1147010300,서울특별시 양천구 신월동,202-1번지.,158830,7915,서울특별시 양천구 남부순환로58길 32,"(신월동,서울신원초등학교)",37.5295157615591,126.829864378,02-2608-4675,02-2695-8233,http://shinwon.sen.es.kr,남녀공학,both,126.8298797,37.5294918
서울특별시교육청,서울특별시강서양천교육지원청,서울특별시 강서구,S010001038,서울신월초등학교,2,공립,N,,50.0,47.0,47.0,48.0,58.0,43.0,55.0,47.0,58.0,53.0,50.0,45.0,7.0,6.0,0.0,0.0,325.0,289.0,614.0,,N,단설,주간,19750311,19750311,1150010300,서울특별시 강서구 화곡동,1080번지.,157925,7716,서울특별시 강서구 강서로31길 48,"(화곡동,신월초등학교)",37.539986,126.839029,02-2699-4785,02-2695-4955,http://ssinwol.sen.es.kr,남녀공학,both,126.8392687,37.5405164
서울특별시교육청,서울특별시강서양천교육지원청,서울특별시 강서구,S010001039,서울신정초등학교,2,공립,N,,111.0,118.0,99.0,97.0,126.0,118.0,123.0,139.0,120.0,120.0,116.0,105.0,8.0,8.0,0.0,0.0,703.0,705.0,1408.0,,N,단설,주간,19491001,19491001,1150010300,서울특별시 강서구 화곡동,869-42.,157012,7746,서울특별시 강서구 곰달래로31가길 27,(화곡동),37.532072431415,126.852359439357,02-2602-3940,02-2692-6948,http://sinjeong.sen.es.kr,남녀공학,both,126.8526480,37.5331217
서울특별시교육청,서울특별시강서양천교육지원청,서울특별시 양천구,S010001040,서울양강초등학교,2,공립,N,,36.0,49.0,39.0,39.0,49.0,36.0,42.0,36.0,42.0,33.0,61.0,44.0,2.0,2.0,0.0,0.0,271.0,239.0,510.0,,N,단설,주간,19870423,19870423,1147010300,서울특별시 양천구 신월동,496번지.,158838,7935,서울특별시 양천구 오목로 101,"(신월동, 서울양강초등학교)",37.5236040288987,126.847480072751,02-2698-1214,02-2695-4781,http://yanggang.sen.es.kr,남녀공학,both,126.8481291,37.5244382
서울특별시교육청,서울특별시강서양천교육지원청,서울특별시 양천구,S010001041,서울양동초등학교,2,공립,N,,29.0,26.0,24.0,28.0,31.0,25.0,32.0,27.0,40.0,31.0,28.0,32.0,4.0,2.0,0.0,0.0,188.0,171.0,359.0,,N,단설,주간,19720811,19720811,1147010100,서울특별시 양천구 신정동,941번지.,158074,7942,서울특별시 양천구 오목로23길 24,(신정동),37.526147,126.851111,02-2602-5101,02-2698-2409,http://yangdong.sen.es.kr,남녀공학,both,126.8514208,37.5259719
서울특별시교육청,서울특별시강서양천교육지원청,서울특별시 양천구,S010001042,서울양명초등학교,2,공립,N,,49.0,36.0,43.0,47.0,55.0,49.0,57.0,75.0,49.0,34.0,74.0,55.0,5.0,1.0,0.0,0.0,332.0,297.0,629.0,,N,단설,주간,19830511,19821110,1147010100,서울특별시 양천구 신정동,543번지.,158071,8091,서울특별시 양천구 중앙로 204,"(신정동,양명초등학교)",37.5163750410527,126.856634416026,02-2646-1598,02-2643-2587,http://yangmyung.sen.es.kr,남녀공학,both,126.8565097,37.5160898
서울특별시교육청,서울특별시강서양천교육지원청,서울특별시 양천구,S010001043,서울양목초등학교,2,공립,N,,53.0,48.0,56.0,47.0,49.0,62.0,77.0,43.0,61.0,55.0,66.0,63.0,5.0,2.0,0.0,0.0,367.0,320.0,687.0,,N,단설,주간,19800417,19800417,1147010100,서울특별시 양천구 신정동,1001번지.,158074,8021,서울특별시 양천구 목동로11길 30,"(신정동, 서울양목초등학교)",37.5239167960905,126.861470812414,02-2603-3405,02-2692-7814,http://yangmok.sen.es.kr,남녀공학,both,126.8616590,37.5236306
서울특별시교육청,서울특별시강서양천교육지원청,서울특별시 양천구,S010001044,서울양원초등학교,2,공립,N,,21.0,20.0,19.0,17.0,19.0,19.0,22.0,12.0,21.0,29.0,19.0,18.0,5.0,2.0,0.0,0.0,126.0,117.0,243.0,,N,단설,주간,19910506,19901201,1147010300,서울특별시 양천구 신월동,40-1번지.,158823,7909,서울특별시 양천구 화곡로 16,"(신월동,서울양원초등학교)",37.5382166977438,126.823105565143,02-2696-6357,02-2691-7981,http://yangwon.sen.es.kr,남녀공학,both,126.8235121,37.5383629
서울특별시교육청,서울특별시강서양천교육지원청,서울특별시 강서구,S010001045,서울양천초등학교,2,공립,N,,34.0,20.0,25.0,24.0,25.0,20.0,41.0,38.0,37.0,40.0,32.0,31.0,0.0,0.0,0.0,0.0,194.0,173.0,367.0,,N,단설,주간,19000401,19000401,1150010400,서울특별시 강서구 가양동,272-11번지.,157802,7523,서울특별시 강서구 양천로 329,"(가양동,양천초등학교)",37.570127,126.839551,02-3663-0006,02-3661-0795,http://yangcheun.sen.es.kr,남녀공학,both,126.8394166,37.5702720
서울특별시교육청,서울특별시강서양천교육지원청,서울특별시 양천구,S010001046,서울양화초등학교,2,공립,N,,51.0,70.0,52.0,53.0,58.0,52.0,51.0,48.0,39.0,61.0,46.0,47.0,3.0,4.0,0.0,0.0,300.0,335.0,635.0,,N,단설,주간,19790404,19780803,1147010200,서울특별시 양천구 목동,542번지.,158809,7971,서울특별시 양천구 목동중앙북로16길 57,"(목동,서울양화초등학교)",37.5436699282541,126.873985476132,02-2646-3510,02-2643-0415,http://yanghwa.sen.es.kr,남녀공학,both,126.8750821,37.5439197
서울특별시교육청,서울특별시강서양천교육지원청,서울특별시 강서구,S010001048,서울염동초등학교,2,공립,N,,72.0,75.0,85.0,86.0,75.0,72.0,85.0,90.0,71.0,85.0,87.0,88.0,3.0,2.0,0.0,0.0,478.0,498.0,976.0,,N,단설,주간,19970516,19970516,1150010100,서울특별시 강서구 염창동,45-4.,157859,7542,서울특별시 강서구 양천로73길 17,"(염창동,염동초등학교)",37.5520943077829,126.872350724639,02-3664-1671,02-2658-5180,http://yeomdong.sen.es.kr,남녀공학,both,126.8721463,37.5525252
서울특별시교육청,서울특별시강서양천교육지원청,서울특별시 강서구,S010001049,서울염창초등학교,2,공립,N,,85.0,77.0,70.0,74.0,68.0,66.0,96.0,79.0,74.0,67.0,71.0,69.0,7.0,2.0,0.0,0.0,471.0,434.0,905.0,,N,단설,주간,19630701,19630518,1150010100,서울특별시 강서구 염창동,269번지.,157863,7554,서울특별시 강서구 양천로 646-28,"(염창동, 염창초등학교)",37.5532243333035,126.867600187386,02-3664-0492,02-3665-2818,http://yeomchang.sen.es.kr,남녀공학,both,126.8679096,37.5534336
서울특별시교육청,서울특별시강서양천교육지원청,서울특별시 양천구,S010001050,서울영도초등학교,2,공립,N,,77.0,85.0,84.0,81.0,99.0,91.0,126.0,105.0,108.0,95.0,126.0,111.0,0.0,0.0,0.0,0.0,620.0,568.0,1188.0,,N,병설,주간,19861127,19861004,1147010200,서울특별시 양천구 목동,903-1.,158753,7982,서울특별시 양천구 목동중앙로 70,", 서울영도초등학교 (목동,서울영도초등학교)",37.5360085,126.8715867,02-2647-2387,02-2643-5977,http://youngdo.sen.es.kr,남녀공학,both,126.8720125,37.5359583
서울특별시교육청,서울특별시강서양천교육지원청,서울특별시 강서구,S010001051,서울우장초등학교,2,공립,N,,83.0,86.0,71.0,70.0,72.0,89.0,87.0,57.0,80.0,77.0,67.0,64.0,0.0,0.0,0.0,0.0,460.0,443.0,903.0,,N,단설,주간,19830610,19830610,1150010300,서울특별시 강서구 화곡동,18-5.,157010,7689,서울특별시 강서구 화곡로 263,"(화곡동,우장초등학교)",37.5496373729163,126.845983063227,02-2603-9989,02-2603-1108,http://ujang.sen.es.kr,남녀공학,both,126.8461018,37.5491565
서울특별시교육청,서울특별시강서양천교육지원청,서울특별시 강서구,S010001052,서울월정초등학교,2,공립,N,,76.0,70.0,60.0,78.0,69.0,58.0,96.0,86.0,77.0,58.0,78.0,79.0,5.0,2.0,0.0,0.0,461.0,431.0,892.0,,N,병설,주간,19820423,19811226,1150010300,서울특별시 강서구 화곡동,374번지.,157884,7761,서울특별시 강서구 월정로 176,"(화곡동,월정초등학교)",37.534313,126.836186,02-2694-2006,02-2698-2125,http://woljung.sen.es.kr,남녀공학,both,126.8363007,37.5348553
서울특별시교육청,서울특별시강서양천교육지원청,서울특별시 양천구,S010001053,서울월촌초등학교,2,공립,N,,78.0,53.0,81.0,71.0,72.0,83.0,98.0,92.0,94.0,99.0,113.0,118.0,0.0,0.0,0.0,0.0,536.0,516.0,1052.0,,N,단설,주간,19850417,19851012,1147010200,서울특별시 양천구 목동,901-1번지.,158050,7980,서울특별시 양천구 목동중앙로 132,"(목동,서울월촌초등학교)",37.5406954304219,126.876258028149,02-2647-3666,02-2652-8362,http://swc.sen.es.kr,남녀공학,both,126.8765443,37.5403792
서울특별시교육청,서울특별시강서양천교육지원청,서울특별시 양천구,S010001054,서울은정초등학교,2,공립,N,,26.0,28.0,30.0,22.0,29.0,22.0,28.0,27.0,28.0,23.0,36.0,36.0,6.0,5.0,0.0,0.0,183.0,163.0,346.0,,N,단설,주간,19960710,19960710,1147010100,서울특별시 양천구 신정동,276번지.,158077,8100,서울특별시 양천구 목동남로 85,서울은정초등학교,37.5111289634661,126.867045708227,02-2645-6871,02-2642-9407,http://eunjung.sen.es.kr,남녀공학,both,126.8669550,37.5111593
서울특별시교육청,서울특별시강서양천교육지원청,서울특별시 강서구,S010001055,서울정곡초등학교,2,공립,N,,10.0,25.0,11.0,10.0,16.0,7.0,17.0,19.0,11.0,15.0,20.0,15.0,1.0,2.0,0.0,0.0,86.0,93.0,179.0,,N,단설,주간,19930923,19921001,1150010900,서울특별시 강서구 방화동,836번지.,157223,7518,서울특별시 강서구 방화대로50길 22,"(방화동,정곡초등학교)",37.576960417723,126.818934016679,02-2666-6442,02-2666-6440,http://jk.sen.es.kr,남녀공학,both,126.8189481,37.5768869
서울특별시교육청,서울특별시강서양천교육지원청,서울특별시 양천구,S010001056,서울정목초등학교,2,공립,N,,57.0,61.0,64.0,72.0,76.0,73.0,96.0,84.0,99.0,81.0,109.0,103.0,3.0,1.0,0.0,0.0,504.0,475.0,979.0,,N,단설,주간,19810921,19810921,1147010200,서울특별시 양천구 목동,757번지.,158817,7961,서울특별시 양천구 목동중앙로3길 30-10,"(목동,서울정목초등학교)",37.5365297488631,126.870051005362,02-2644-0840,02-2649-9275,http://jeongmok.sen.es.kr,남녀공학,both,126.8703078,37.5372622
서울특별시교육청,서울특별시강서양천교육지원청,서울특별시 양천구,S010001057,서울지향초등학교,2,공립,N,,56.0,47.0,58.0,42.0,53.0,50.0,66.0,68.0,57.0,57.0,45.0,52.0,2.0,1.0,0.0,0.0,337.0,317.0,654.0,,N,단설,주간,20021104,20020901,1147010100,서울특별시 양천구 신정동,1284번지.,158867,8053,서울특별시 양천구 신정로11길 74,", 서울지향초등학교 (신정동,지향초등학교)",37.5133162,126.8373891,02-2066-1187,02-2066-1134,http://jihyang.sen.es.kr,남녀공학,both,126.8374107,37.5132797
서울특별시교육청,서울특별시강서양천교육지원청,서울특별시 강서구,S010001058,서울치현초등학교,2,공립,N,,34.0,56.0,39.0,39.0,44.0,45.0,39.0,61.0,60.0,58.0,57.0,46.0,3.0,1.0,0.0,0.0,276.0,306.0,582.0,,N,단설,주간,19941019,19940105,1150010900,서울특별시 강서구 방화동,833(배움터길21).,157223,7514,서울특별시 강서구 방화대로47길 43,서울치현초등학교,37.5759194191803,126.814643834621,02-2661-6272,02-2661-6274,http://chihyeon.sen.es.kr,남녀공학,both,126.8145499,37.5759628
서울특별시교육청,서울특별시강서양천교육지원청,서울특별시 강서구,S010001059,서울탑산초등학교,2,공립,N,,49.0,42.0,42.0,37.0,35.0,37.0,30.0,36.0,34.0,47.0,31.0,24.0,5.0,6.0,0.0,0.0,226.0,229.0,455.0,,N,단설,주간,19940601,19930805,1150010400,서울특별시 강서구 가양동,1473번지.,157202,7525,서울특별시 강서구 허준로 109,"(가양동,탑산초등학교)",37.5670167390089,126.852367467083,02-2659-5101,02-2659-5104,http://top.sen.es.kr,남녀공학,both,126.8525445,37.5670452
서울특별시교육청,서울특별시강서양천교육지원청,서울특별시 강서구,S010001060,서울화곡초등학교,2,공립,N,,53.0,58.0,71.0,65.0,55.0,60.0,73.0,70.0,85.0,68.0,90.0,65.0,5.0,4.0,0.0,0.0,432.0,390.0,822.0,,N,단설,주간,19670331,19670331,1150010300,서울특별시 강서구 화곡동,24-266번지(초록마을길 32).,157866,7722,서울특별시 강서구 초록마을로 28,"화곡동,화곡초등학교",37.5436697960802,126.846470593439,02-2699-3328,02-2602-1462,http://hwagok.sen.es.kr,남녀공학,both,126.8459548,37.5429222
서울특별시교육청,서울특별시강서양천교육지원청,서울특별시 강서구,S010001061,유석초등학교,2,사립,N,,30.0,30.0,30.0,30.0,32.0,28.0,30.0,27.0,30.0,20.0,29.0,20.0,0.0,0.0,0.0,0.0,181.0,155.0,336.0,,N,단설,주간,19660308,19651203,1150010200,서울특별시 강서구 등촌동,82-1.,157033,7576,서울특별시 강서구 화곡로69길 9,"(등촌동,유석초등학교)",37.5608016256792,126.853778652907,02-3661-6718,02-3662-2930,http://yooseok.sen.es.kr,남녀공학,both,126.8538267,37.5608021
서울특별시교육청,서울특별시남부교육지원청,서울특별시 금천구,S010001197,동광초등학교,2,사립,N,,46.0,45.0,45.0,48.0,46.0,43.0,44.0,40.0,27.0,21.0,22.0,25.0,0.0,0.0,0.0,0.0,230.0,222.0,452.0,,N,단설,주간,20010305,20010301,1154510300,서울특별시 금천구 시흥동,산100-4번지.,153032,8656,서울특별시 금천구 탑골로10길 45,", 동광초등학교 (시흥동)",37.451985,126.916713,02-891-0151,02-891-0153,http://donggwang.sen.es.kr,남녀공학,both,126.9175391,37.4515331
서울특별시교육청,서울특별시남부교육지원청,서울특별시 금천구,S010001198,서울가산초등학교,2,공립,N,,31.0,32.0,22.0,25.0,31.0,23.0,9.0,27.0,16.0,23.0,20.0,17.0,0.0,0.0,0.0,0.0,129.0,147.0,276.0,,N,단설,주간,19840614,19830625,1154510200,서울특별시 금천구 독산동,143-23 .,08530,8530,서울특별시 금천구 남부순환로 1304-11,", 서울가산초등학교 (독산동)",37.478125,126.896445,02-864-3206,02-859-5556,http://gasan.sen.es.kr,남녀공학,both,126.8962694,37.4782124
서울특별시교육청,서울특별시남부교육지원청,서울특별시 구로구,S010001199,서울개명초등학교,2,공립,N,,28.0,32.0,24.0,27.0,30.0,32.0,32.0,17.0,23.0,25.0,23.0,26.0,3.0,0.0,0.0,0.0,163.0,159.0,322.0,,N,단설,주간,19840504,19831203,1153010700,서울특별시 구로구 개봉동,산64-21.,152093,8355,서울특별시 구로구 개봉로1다길 16-9,"(개봉동,개명초등학교)",37.482999,126.850268,02-2684-5117,02-2617-6713,http://kaemyong.sen.es.kr,남녀공학,both,126.8502362,37.4827693
서울특별시교육청,서울특별시남부교육지원청,서울특별시 구로구,S010001200,서울개봉초등학교,2,공립,N,,98.0,91.0,79.0,79.0,87.0,74.0,89.0,83.0,73.0,86.0,86.0,63.0,8.0,3.0,0.0,0.0,520.0,479.0,999.0,,N,단설,주간,19711204,19710901,1153010700,서울특별시 구로구 개봉동,266번지.,152093,8333,서울특별시 구로구 개봉로16길 30-11,(개봉동),37.4895231088062,126.857974791107,02-2612-6058,02-2616-8387,http://gaebong.sen.es.kr,남녀공학,both,126.8583074,37.4897272
서울특별시교육청,서울특별시남부교육지원청,서울특별시 구로구,S010001201,서울개웅초등학교,2,공립,N,,36.0,34.0,40.0,48.0,48.0,30.0,46.0,55.0,36.0,53.0,47.0,32.0,8.0,1.0,0.0,0.0,261.0,253.0,514.0,,N,단설,주간,19980731,19980731,1153010700,서울특별시 구로구 개봉동,산53-25번지(개웅초롱길 84).,152093,8349,서울특별시 구로구 개봉로11길 98,"(개봉동,개웅초등학교)",37.4885725820655,126.849984640827,02-2683-1291,02-2683-1726,http://gaewoong.sen.es.kr,남녀공학,both,126.8499736,37.4885768
서울특별시교육청,서울특별시남부교육지원청,서울특별시 구로구,S010001202,서울고산초등학교,2,공립,N,,36.0,31.0,32.0,29.0,34.0,30.0,37.0,46.0,34.0,24.0,34.0,34.0,3.0,3.0,0.0,0.0,210.0,197.0,407.0,,N,단설,주간,19911029,19910902,1153010600,서울특별시 구로구 고척동,76-10번지.,152081,8223,서울특별시 구로구 중앙로 6,"(고척동, 고산초등학교)",37.4989736330761,126.864773838029,02-2617-0591,02-2617-0581,http://kohsan.sen.es.kr,남녀공학,both,126.8652414,37.4992235
서울특별시교육청,서울특별시남부교육지원청,서울특별시 구로구,S010001203,서울고척초등학교,2,공립,N,,29.0,40.0,20.0,23.0,28.0,31.0,33.0,32.0,21.0,37.0,37.0,27.0,3.0,1.0,0.0,0.0,171.0,191.0,362.0,,N,단설,주간,19671206,19671206,1153010600,서울특별시 구로구 고척동,130번지(경서로 31).,152828,8232,서울특별시 구로구 경서로 31,(고척동),37.5009466670416,126.856980574449,02-2618-6212,02-2616-8059,http://gocheok.sen.es.kr,남녀공학,both,126.8569976,37.5010419
서울특별시교육청,서울특별시남부교육지원청,서울특별시 구로구,S010001204,서울구로남초등학교,2,공립,N,,37.0,28.0,31.0,35.0,36.0,29.0,67.0,48.0,42.0,34.0,35.0,41.0,3.0,2.0,0.0,0.0,251.0,217.0,468.0,,N,단설,주간,19640311,19640311,1153010200,서울특별시 구로구 구로동,253번지.,08375,8375,서울특별시 구로구 디지털로27길 76,"(구로동,구로남초등학교)",37.4854394,126.890974,02-859-0501,02-859-0221,http://guronam.sen.es.kr,남녀공학,both,126.8905483,37.4850266
서울특별시교육청,서울특별시남부교육지원청,서울특별시 구로구,S010001205,서울구로초등학교,2,공립,N,,34.0,39.0,32.0,33.0,37.0,36.0,39.0,45.0,29.0,33.0,44.0,47.0,6.0,3.0,0.0,0.0,221.0,236.0,457.0,,N,단설,주간,19500620,19500620,1153010200,서울특별시 구로구 구로동,443번지.,152857,8283,서울특별시 구로구 구로중앙로27나길 9,", 구로동443 (구로동)",37.497058,126.886245,02-861-1941,02-861-1944,http://guro.sen.es.kr,남녀공학,both,126.8858699,37.4972513
서울특별시교육청,서울특별시남부교육지원청,서울특별시 구로구,S010001206,서울구일초등학교,2,공립,N,,80.0,94.0,84.0,89.0,108.0,86.0,92.0,100.0,95.0,89.0,88.0,92.0,6.0,2.0,0.0,0.0,553.0,552.0,1105.0,,N,단설,주간,19871022,19871022,1153010200,서울특별시 구로구 구로동,구일길66.,08324,8324,서울특별시 구로구 구일로 68,"(구로동,구일초등학교)",37.4931916033675,126.873473274906,02-869-9101,02-869-9166,http://guil.sen.es.kr,남녀공학,both,126.8733087,37.4930850
서울특별시교육청,서울특별시남부교육지원청,서울특별시 금천구,S010001207,서울금산초등학교,2,공립,N,,19.0,30.0,19.0,23.0,22.0,19.0,41.0,23.0,24.0,27.0,30.0,18.0,0.0,0.0,0.0,0.0,155.0,140.0,295.0,,N,단설,주간,19981016,19980731,1154510300,서울특별시 금천구 시흥동,산 6-7.,153033,8651,서울특별시 금천구 시흥대로24길 57,"(시흥동, 서울금산초등학교)",37.441305,126.907937,02-806-0254,02-806-0253,http://gumsan.sen.es.kr,남녀공학,both,126.9081818,37.4415927
서울특별시교육청,서울특별시남부교육지원청,서울특별시 금천구,S010001208,서울금천초등학교,2,공립,N,,21.0,10.0,12.0,12.0,8.0,9.0,14.0,8.0,5.0,20.0,18.0,16.0,1.0,1.0,0.0,0.0,79.0,76.0,155.0,,N,단설,주간,19840417,19831007,1154510300,서울특별시 금천구 시흥동,218-6.,153841,8571,서울특별시 금천구 탑골로5길 60,(시흥동),37.454978,126.912769,02-802-4970,02-895-0469,http://kumcheon.sen.es.kr,남녀공학,both,126.9127445,37.4546934
서울특별시교육청,서울특별시남부교육지원청,서울특별시 영등포구,S010001209,서울당산초등학교,2,공립,N,,35.0,30.0,26.0,29.0,30.0,18.0,29.0,29.0,24.0,28.0,23.0,33.0,1.0,4.0,0.0,0.0,168.0,171.0,339.0,,N,단설,주간,19451008,19450815,1156012800,서울특별시 영등포구 양평동4가,323번지.,150867,7206,서울특별시 영등포구 선유로55길 32,", 서울당산초등학교 (양평동4가)",37.5401200198849,126.896241292068,02-2633-1046,02-2635-0626,http://dangsan.sen.es.kr,남녀공학,both,126.8963215,37.5396641
서울특별시교육청,서울특별시남부교육지원청,서울특별시 영등포구,S010001210,서울당서초등학교,2,공립,N,,115.0,109.0,107.0,103.0,108.0,101.0,103.0,112.0,87.0,124.0,73.0,86.0,0.0,0.0,0.0,0.0,593.0,635.0,1228.0,,N,단설,주간,19841101,19840730,1156011500,서울특별시 영등포구 당산동5가,5-3.,150045,7213,서울특별시 영등포구 당산로 187,", 서울당서초등학교 (당산동5가)",37.5320285188173,126.899814084005,02-2675-4532,02-2675-3722,http://dangseo.sen.es.kr,남녀공학,both,126.8996044,37.5318719
서울특별시교육청,서울특별시남부교육지원청,서울특별시 영등포구,S010001211,서울당중초등학교,2,공립,N,,48.0,50.0,60.0,48.0,45.0,41.0,44.0,42.0,53.0,40.0,46.0,42.0,6.0,5.0,0.0,0.0,302.0,268.0,570.0,,N,단설,주간,19491028,19491028,1156012700,서울특별시 영등포구 양평동3가,42.,150103,7271,서울특별시 영등포구 선유로 131,", 서울당중초등학교 (양평동3가)",37.526186,126.890007,02-2633-1416,02-2636-1990,http://dangjung.sen.es.kr,남녀공학,both,126.8899937,37.5265223
서울특별시교육청,서울특별시남부교육지원청,서울특별시 영등포구,S010001212,서울대길초등학교,2,공립,N,,38.0,20.0,44.0,32.0,35.0,36.0,33.0,50.0,35.0,41.0,45.0,37.0,8.0,0.0,0.0,0.0,238.0,216.0,454.0,,N,단설,주간,19830914,19830914,1156013200,서울특별시 영등포구 신길동,4482번지.,150860,7434,서울특별시 영등포구 대방천로 206,", 서울대길초등학교 (신길동)",37.498204,126.913454,02-842-4500,02-842-4516,http://idaegil.sen.es.kr,남녀공학,both,126.9130120,37.4980850
서울특별시교육청,서울특별시남부교육지원청,서울특별시 영등포구,S010001213,서울대동초등학교,2,공립,N,,18.0,19.0,34.0,18.0,24.0,19.0,33.0,25.0,43.0,28.0,46.0,28.0,3.0,1.0,0.0,0.0,201.0,138.0,339.0,,N,단설,주간,19801002,19801002,1156013300,서울특별시 영등포구 대림동,702.,150072,7418,서울특별시 영등포구 대림로21길 6,", 서울대동초등학교 (대림동)",37.4937036790785,126.900118598546,02-6379-6200,02-833-7476,http://daedong.sen.es.kr,남녀공학,both,126.9004869,37.4935889
서울특별시교육청,서울특별시남부교육지원청,서울특별시 영등포구,S010001214,서울대방초등학교,2,공립,N,,115.0,135.0,150.0,113.0,94.0,134.0,104.0,86.0,108.0,78.0,101.0,76.0,6.0,1.0,0.0,0.0,678.0,623.0,1301.0,,N,단설,주간,19550427,19550427,1156013200,서울특별시 영등포구 신길동,1444번지.,150856,7391,서울특별시 영등포구 여의대방로35길 14,(신길동),37.5030997138623,126.91944520138,02-833-0083,02-833-3453,http://daebang.sen.es.kr,남녀공학,both,126.9194714,37.5024003
서울특별시교육청,서울특별시남부교육지원청,서울특별시 영등포구,S010001215,서울대영초등학교,2,공립,N,,102.0,110.0,98.0,77.0,70.0,80.0,72.0,77.0,66.0,75.0,58.0,62.0,7.0,0.0,0.0,0.0,473.0,481.0,954.0,,N,단설,주간,19880422,19871221,1156013200,서울특별시 영등포구 신길동,341-1번지.,07397,7397,서울특별시 영등포구 신길로23길 43,"(신길동,대영초등학교)",37.502647,126.905936,02-846-1996,02-846-8697,http://daeyoung.sen.es.kr,남녀공학,both,126.9062000,37.5027580
서울특별시교육청,서울특별시남부교육지원청,서울특별시 구로구,S010001216,서울덕의초등학교,2,공립,N,,85.0,86.0,68.0,80.0,82.0,70.0,97.0,87.0,88.0,99.0,88.0,87.0,0.0,0.0,0.0,0.0,508.0,509.0,1017.0,,N,단설,주간,19831201,19831201,1153010600,서울특별시 구로구 고척동,217.,152832,8241,서울특별시 구로구 고척로 213,"(고척동,덕의초등학교)",37.5060287767582,126.857346367296,02-2685-0928,02-2685-0938,http://dukeui.sen.es.kr,남녀공학,both,126.8568224,37.5063662
서울특별시교육청,서울특별시남부교육지원청,서울특별시 영등포구,S010001217,서울도림초등학교,2,공립,N,,22.0,33.0,27.0,36.0,35.0,26.0,39.0,44.0,35.0,35.0,33.0,37.0,2.0,2.0,0.0,0.0,193.0,213.0,406.0,,N,단설,주간,19560324,19560324,1156013200,서울특별시 영등포구 신길동,288번지.,150050,7384,서울특별시 영등포구 가마산로65길 22,", 서울도림초등학교 (신길동)",37.5086804970648,126.907115536437,02-832-0590,02-833-6612,http://seouldorim.sen.es.kr,남녀공학,both,126.9064926,37.5080418
서울특별시교육청,서울특별시남부교육지원청,서울특별시 영등포구,S010001218,서울도신초등학교,2,공립,N,,23.0,23.0,10.0,20.0,14.0,20.0,22.0,15.0,24.0,25.0,22.0,26.0,2.0,1.0,0.0,0.0,117.0,130.0,247.0,,N,단설,주간,19740910,19731213,1156013300,서울특별시 영등포구 대림동,741-3번지.,150815,7409,서울특별시 영등포구 도림로53길 32-9,", 서울도신초등학교 (대림동)",37.4992687949332,126.900712817156,02-835-1501,02-835-1505,http://doshin.sen.es.kr,남녀공학,both,126.9011184,37.4988263
서울특별시교육청,서울특별시남부교육지원청,서울특별시 금천구,S010001219,서울독산초등학교,2,공립,N,,50.0,34.0,49.0,41.0,37.0,55.0,43.0,38.0,59.0,44.0,55.0,42.0,10.0,4.0,0.0,0.0,303.0,258.0,561.0,,N,단설,주간,19780411,19770901,1154510200,서울특별시 금천구 독산동,1034번지(독산초등길 23).,08617,8617,서울특별시 금천구 시흥대로104길 31,"(독산동,독산초등학교)",37.465365,126.899965,02-895-0535,02-895-0646,http://doksan.sen.es.kr,남녀공학,both,126.9004443,37.4655892
서울특별시교육청,서울특별시남부교육지원청,서울특별시 구로구,S010001220,서울동구로초등학교,2,공립,N,,25.0,23.0,31.0,30.0,26.0,23.0,33.0,32.0,26.0,33.0,37.0,33.0,2.0,0.0,0.0,0.0,180.0,174.0,354.0,,N,단설,주간,19710404,19710901,1153010200,서울특별시 구로구 구로동,93 (동구로길 29).,152054,8303,서울특별시 구로구 구로중앙로14길 43,", 서울동구로초등학교 (구로동)",37.49487041449689,126.89276832695556,02-853-2407,02-851-0053,http://dongguro.sen.es.kr,남녀공학,both,126.8923318,37.4952683
서울특별시교육청,서울특별시남부교육지원청,서울특별시 금천구,S010001221,서울두산초등학교,2,공립,N,,71.0,66.0,44.0,53.0,38.0,32.0,50.0,42.0,41.0,42.0,44.0,37.0,4.0,7.0,0.0,0.0,292.0,279.0,571.0,,N,단설,주간,19851030,19850701,1154510200,서울특별시 금천구 독산동,1002-5(독산역길 90).,153829,8587,서울특별시 금천구 범안로11길 3,", 서울두산초등학교 (독산동)",37.4675482979243,126.89094737488,02-804-1112,02-892-5957,http://doosan.sen.es.kr,남녀공학,both,126.8906327,37.4674221
서울특별시교육청,서울특별시남부교육지원청,서울특별시 구로구,S010001222,서울매봉초등학교,2,공립,N,,23.0,23.0,18.0,18.0,17.0,20.0,25.0,24.0,21.0,27.0,17.0,26.0,5.0,1.0,0.0,0.0,126.0,139.0,265.0,,N,단설,주간,19851028,19850701,1153010700,서울특별시 구로구 개봉동,3번지.,152091,8251,서울특별시 구로구 고척로21길 55,", 서울매봉초등학교 (개봉동)",37.50479,126.844402,02-2683-3565,02-2686-3384,http://maebong.sen.es.kr,남녀공학,both,126.8444918,37.5044872
서울특별시교육청,서울특별시남부교육지원청,서울특별시 금천구,S010001223,서울문교초등학교,2,공립,N,,17.0,22.0,22.0,29.0,18.0,22.0,21.0,15.0,22.0,23.0,19.0,27.0,6.0,0.0,0.0,0.0,125.0,138.0,263.0,,N,단설,주간,19930506,19930227,1154510200,서울특별시 금천구 독산동,산202-1번지.,153012,8561,서울특별시 금천구 독산로54길 102,", 문교초등학교 (독산동)",37.4665726,126.908881,02-896-0144,02-895-3278,http://mungyo.sen.es.kr,남녀공학,both,126.9088810,37.4665726
서울특별시교육청,서울특별시남부교육지원청,서울특별시 영등포구,S010001224,서울문래초등학교,2,공립,N,,108.0,94.0,101.0,71.0,104.0,93.0,113.0,110.0,84.0,105.0,85.0,100.0,8.0,0.0,0.0,0.0,603.0,573.0,1176.0,,N,단설,주간,19851029,19850710,1156012100,서울특별시 영등포구 문래동3가,77-7번지.,150093,7295,서울특별시 영등포구 문래로 104,"(문래동3가, 문래초등학교)",37.518471,126.893229,02-2677-6861,02-2677-6528,http://mullae.sen.es.kr,남녀공학,both,126.8932750,37.5182080
서울특별시교육청,서울특별시남부교육지원청,서울특별시 금천구,S010001225,서울문백초등학교,2,공립,N,,46.0,56.0,49.0,51.0,53.0,45.0,59.0,53.0,55.0,61.0,64.0,45.0,5.0,2.0,0.0,0.0,331.0,313.0,644.0,,N,단설,주간,19810918,19810713,1154510300,서울특별시 금천구 시흥동,564-5번지.,153030,8634,서울특별시 금천구 시흥대로47길 43-1,"(시흥동, 문백초등학교)",37.4470769893004,126.898697930024,02-803-4155,02-892-2269,https://munbaek.sen.es.kr,남녀공학,both,126.8994200,37.4469084
서울특별시교육청,서울특별시남부교육지원청,서울특별시 금천구,S010001226,서울문성초등학교,2,공립,N,,45.0,38.0,20.0,18.0,32.0,28.0,38.0,35.0,30.0,34.0,27.0,36.0,4.0,4.0,0.0,0.0,196.0,193.0,389.0,,N,단설,주간,19560406,19551207,1154510200,서울특별시 금천구 독산동,982.,153010,8540,서울특별시 금천구 시흥대로 460,", 서울문성초등학교  (독산동)",37.4744862609121,126.899275945519,02-867-1669,02-859-7026,http://munsung.sen.es.kr,남녀공학,both,126.8992192,37.4746380
서울특별시교육청,서울특별시남부교육지원청,서울특별시 구로구,S010001227,서울미래초등학교,2,공립,N,,53.0,56.0,51.0,50.0,43.0,44.0,39.0,54.0,36.0,42.0,48.0,35.0,0.0,0.0,0.0,0.0,270.0,281.0,551.0,,N,병설,주간,20020301,20020301,1153010200,서울특별시 구로구 구로동,3-13 서울미래초등학교.,152055,8288,서울특별시 구로구 새말로 73,", 서울미래초등학교 (구로동)",37.5051068276712,126.888078906578,02-868-1981,02-868-1999,http://mirae.sen.es.kr,남녀공학,both,126.8880070,37.5051919
서울특별시교육청,서울특별시남부교육지원청,서울특별시 금천구,S010001228,서울백산초등학교,2,공립,N,,17.0,25.0,20.0,17.0,17.0,16.0,30.0,22.0,30.0,19.0,34.0,21.0,4.0,2.0,0.0,0.0,152.0,122.0,274.0,,N,병설,주간,19740326,19730810,1154510300,서울특별시 금천구 시흥동,438-5번지.,153846,8650,서울특별시 금천구 시흥대로38길 78,"(시흥동, 백산초등학교)",37.447032,126.904917,02-802-6475,02-803-8820,http://backsan.sen.es.kr,남녀공학,both,126.9050196,37.4467347
서울특별시교육청,서울특별시남부교육지원청,서울특별시 구로구,S010001229,서울세곡초등학교,2,공립,N,,38.0,40.0,40.0,50.0,42.0,35.0,44.0,61.0,37.0,33.0,48.0,43.0,2.0,4.0,0.0,0.0,251.0,266.0,517.0,,N,단설,주간,19721101,19721101,1153010600,서울특별시 구로구 고척동,253-129번지.,152834,8245,서울특별시 구로구 고척로33길 34,"(고척동,세곡초등학교)",37.5050562821244,126.849119269032,02-2613-5275,02-2685-9187,http://segok.sen.es.kr,남녀공학,both,126.8491281,37.5050972
서울특별시교육청,서울특별시남부교육지원청,서울특별시 금천구,S010001230,서울시흥초등학교,2,공립,N,,30.0,30.0,40.0,31.0,44.0,26.0,40.0,46.0,43.0,42.0,54.0,49.0,11.0,5.0,0.0,0.0,262.0,229.0,491.0,,N,단설,주간,19110701,19110701,1154510300,서울특별시 금천구 시흥동,841-19.,153856,8627,서울특별시 금천구 독산로23길 26,", 서울시흥초등학교 (시흥동)",37.4553388190472,126.904640802438,02-896-9500,02-892-4128,http://siheung.sen.es.kr,남녀공학,both,126.9049358,37.4551006
서울특별시교육청,서울특별시남부교육지원청,서울특별시 구로구,S010001231,서울신구로초등학교,2,공립,N,,34.0,42.0,35.0,35.0,36.0,30.0,44.0,46.0,32.0,32.0,42.0,27.0,3.0,6.0,0.0,0.0,226.0,218.0,444.0,,N,단설,주간,19821026,19821026,1153010200,서울특별시 구로구 구로5동,105.,152842,8299,서울특별시 구로구 가마산로27길 69,"(구로동,서울신구로초등학교)",37.4996591332025,126.889765279528,02-862-7192,02-869-7192,http://singuro.sen.es.kr,남녀공학,both,126.8888900,37.4993045
서울특별시교육청,서울특별시남부교육지원청,서울특별시 영등포구,S010001232,서울신대림초등학교,2,공립,N,,48.0,35.0,41.0,33.0,32.0,28.0,26.0,30.0,22.0,34.0,24.0,26.0,3.0,3.0,0.0,0.0,196.0,189.0,385.0,,N,단설,주간,19950301,19950110,1156013300,서울특별시 영등포구 대림동,970-1번지 .,150822,7439,서울특별시 영등포구 대림로8길 25,(대림동),37.4913694888304,126.905997165157,02-849-0737,02-836-6159,http://sdr.sen.es.kr,남녀공학,both,126.9057395,37.4922122
서울특별시교육청,서울특별시남부교육지원청,서울특별시 구로구,S010001233,서울신도림초등학교,2,공립,N,,117.0,115.0,104.0,111.0,122.0,96.0,85.0,115.0,119.0,128.0,88.0,85.0,6.0,3.0,0.0,0.0,641.0,653.0,1294.0,,N,단설,주간,19821022,19821022,1153010100,서울특별시 구로구 신도림동,303.,152887,8201,서울특별시 구로구 신도림로19길 44,", 서울신도림초등학교 (신도림동)",37.512405028721,126.880779312302,02-2677-2645,02-2677-3544,http://sindorim.sen.es.kr,남녀공학,both,126.8831886,37.5123003
서울특별시교육청,서울특별시남부교육지원청,서울특별시 구로구,S010001234,서울신미림초등학교,2,공립,N,,92.0,81.0,68.0,63.0,44.0,89.0,76.0,85.0,58.0,71.0,83.0,81.0,0.0,0.0,0.0,0.0,421.0,470.0,891.0,,N,단설,주간,20020607,20020301,1153010100,서울특별시 구로구 신도림동,398-28번지.,152887,8211,서울특별시 구로구 신도림로 26,"(신도림동, 신미림초등학교)",37.5071419202149,126.879552627226,02-2676-8644,02-2676-7592,http://sinmirim.sen.es.kr,남녀공학,both,126.8797202,37.5067665
서울특별시교육청,서울특별시남부교육지원청,서울특별시 영등포구,S010001235,서울신영초등학교,2,공립,N,,35.0,41.0,33.0,47.0,34.0,40.0,53.0,40.0,39.0,41.0,30.0,40.0,6.0,3.0,0.0,0.0,230.0,252.0,482.0,,N,단설,주간,19821011,19820707,1156013300,서울특별시 영등포구 대림동,781.,150073,7378,서울특별시 영등포구 도신로4길 32,"(대림동,신영초등학교)",37.5010055678386,126.896096400965,02-843-2964,02-831-4793,http://shinyoung.sen.es.kr,남녀공학,both,126.8957688,37.5006343
서울특별시교육청,서울특별시남부교육지원청,서울특별시 금천구,S010001236,서울신흥초등학교,2,공립,N,,40.0,38.0,49.0,48.0,44.0,41.0,40.0,53.0,47.0,46.0,43.0,44.0,5.0,2.0,0.0,0.0,268.0,272.0,540.0,,N,단설,주간,19911030,19911030,1154510300,서울특별시 금천구 시흥동,산126-1.,153030,8569,서울특별시 금천구 독산로36나길 21,"(시흥동, 신흥초등학교)",37.4593466248613,126.909351255528,02-894-5148,02-896-6357,http://sinheung.sen.es.kr,남녀공학,both,126.9086187,37.4596985
서울특별시교육청,서울특별시남부교육지원청,서울특별시 금천구,S010001237,서울안천초등학교,2,공립,N,,17.0,22.0,16.0,10.0,16.0,20.0,25.0,21.0,24.0,13.0,35.0,22.0,5.0,2.0,0.0,0.0,138.0,110.0,248.0,,N,단설,주간,19911004,19910121,1154510200,서울특별시 금천구 독산동,1090번지.,153833,8597,서울특별시 금천구 한내로 69-16,", 서울안천초등학교 (독산동)",37.4585983,126.8884707,02-894-0858,02-809-8156,http://ancheon.sen.es.kr,남녀공학,both,126.8884707,37.4585983
서울특별시교육청,서울특별시남부교육지원청,서울특별시 영등포구,S010001238,서울여의도초등학교,2,공립,N,,86.0,77.0,97.0,78.0,71.0,86.0,101.0,89.0,81.0,75.0,89.0,114.0,7.0,3.0,0.0,0.0,532.0,522.0,1054.0,,N,단설,주간,19711101,19711101,1156011000,서울특별시 영등포구 여의도동,40-3번지.,07341,7341,서울특별시 영등포구 여의대방로 439,", 서울여의도초등학교 (여의도동)",37.5232062635113,126.936795004546,02-786-7823,02-786-7827,http://yeouido.sen.es.kr,남녀공학,both,126.9368017,37.5231903
서울특별시교육청,서울특별시남부교육지원청,서울특별시 금천구,S010001239,서울영남초등학교,2,공립,N,,19.0,17.0,12.0,16.0,13.0,18.0,29.0,26.0,30.0,21.0,11.0,30.0,1.0,3.0,0.0,0.0,115.0,131.0,246.0,,N,단설,주간,19560517,19560326,1154510200,서울특별시 금천구 독산동,59-27번지(산기슭1길 60).,153805,8551,서울특별시 금천구 문성로 62-15,(독산동),37.475435,126.909864,02-861-7147,02-861-7010,http://seoulyeongnam.sen.es.kr,남녀공학,both,126.9099306,37.4757797
서울특별시교육청,서울특별시남부교육지원청,서울특별시 영등포구,S010001240,서울영동초등학교,2,공립,N,,37.0,35.0,47.0,33.0,39.0,30.0,34.0,20.0,29.0,41.0,32.0,27.0,5.0,0.0,0.0,0.0,223.0,186.0,409.0,,N,단설,주간,19560517,19560517,1156011600,서울특별시 영등포구 당산동6가,121-22번지.,150808,7229,서울특별시 영등포구 국회대로53길 20,", (당산동, 영동초등학교) (당산동)",37.52653,126.907419,02-2633-7450,02-2678-6569,http://youngdong.sen.es.kr,남녀공학,both,126.9076001,37.5269133
서울특별시교육청,서울특별시남부교육지원청,서울특별시 영등포구,S010001241,서울영등포초등학교,2,공립,N,,33.0,18.0,26.0,24.0,16.0,18.0,21.0,17.0,24.0,19.0,31.0,19.0,5.0,2.0,0.0,0.0,156.0,117.0,273.0,,N,단설,주간,19451101,19451101,1156011900,서울특별시 영등포구 문래동1가,35-2번지.,150091,7363,서울특별시 영등포구 경인로 756,(문래동1가),37.5129475656688,126.898260591726,02-2633-6544,02-2675-0827,http://ydp.sen.es.kr,남녀공학,both,126.8982000,37.5128845
서울특별시교육청,서울특별시남부교육지원청,서울특별시 영등포구,S010001242,서울영림초등학교,2,공립,N,,19.0,24.0,16.0,16.0,16.0,18.0,16.0,18.0,18.0,17.0,19.0,13.0,0.0,0.0,0.0,0.0,104.0,106.0,210.0,,N,단설,주간,19821004,19820707,1156013300,서울특별시 영등포구 대림동,993-16.,150823,7445,서울특별시 영등포구 시흥대로173길 14,", 서울영림초등학교 (대림동)",37.48744,126.902652,02-834-3181,02-834-3187,http://younglim.sen.es.kr,남녀공학,both,126.9025310,37.4872863
서울특별시교육청,서울특별시남부교육지원청,서울특별시 구로구,S010001243,서울영서초등학교,2,공립,N,,55.0,57.0,53.0,52.0,70.0,52.0,59.0,67.0,58.0,55.0,70.0,57.0,4.0,0.0,0.0,0.0,369.0,340.0,709.0,,N,병설,주간,19790928,19790202,1153010200,서울특별시 구로구 구로동,165-1번지 (영서길 29 ).,152847,8370,서울특별시 구로구 도림로20길 57,", 영서초등학교 (구로동)",37.4883984,126.8947321,02-838-5212,02-861-1711,http://youngseo.sen.es.kr,남녀공학,both,126.8947321,37.4883984
서울특별시교육청,서울특별시남부교육지원청,서울특별시 영등포구,S010001244,서울영신초등학교,2,공립,N,,78.0,61.0,69.0,67.0,68.0,47.0,82.0,76.0,77.0,74.0,68.0,69.0,7.0,2.0,0.0,0.0,449.0,396.0,845.0,,N,단설,주간,19671102,19671127,1156013200,서울특별시 영등포구 신길동,121.,150839,7350,서울특별시 영등포구 도신로60길 23,(신길동),37.5098097010897,126.918429099912,02-848-8560,02-848-8598,http://youngsin.sen.es.kr,남녀공학,both,126.9179370,37.5100500
서울특별시교육청,서울특별시남부교육지원청,서울특별시 영등포구,S010001245,서울영원초등학교,2,공립,N,,58.0,47.0,46.0,48.0,57.0,34.0,54.0,44.0,43.0,47.0,40.0,39.0,1.0,2.0,0.0,0.0,299.0,261.0,560.0,,N,단설,주간,20020901,20020901,1156010100,서울특별시 영등포구 영등포동,647-2번지.,150899,7365,서울특별시 영등포구 도영로 22길 31,(도림동),37.510888,126.902189,02-835-9472,02-835-9435,http://syw.sen.es.kr,남녀공학,both,126.9021179,37.5107497
서울특별시교육청,서울특별시남부교육지원청,서울특별시 구로구,S010001246,서울영일초등학교,2,공립,N,,26.0,24.0,19.0,14.0,25.0,19.0,25.0,24.0,31.0,16.0,36.0,19.0,3.0,4.0,0.0,0.0,165.0,120.0,285.0,,N,단설,주간,19671129,19671129,1153010300,서울특별시 구로구 가리봉동,17번지.,152800,8321,서울특별시 구로구 남부순환로105길 218,", 서울영일초등학교 (가리봉동)",37.4856445741437,126.883811365561,02-861-0426,02-861-0429,http://syoungil.sen.es.kr,남녀공학,both,126.8837829,37.4853862
서울특별시교육청,서울특별시남부교육지원청,서울특별시 영등포구,S010001247,서울영중초등학교,2,공립,N,,52.0,37.0,39.0,37.0,32.0,29.0,45.0,37.0,34.0,38.0,27.0,26.0,3.0,2.0,0.0,0.0,232.0,206.0,438.0,,N,단설,주간,19491025,19490401,1156010800,서울특별시 영등포구 영등포동7가,53번지.,150037,7245,서울특별시 영등포구 양산로 185,", 서울영중초등학교 (영등포동7가)",37.523798,126.9039299,02-2633-9428,02-2631-2712,http://youngjoong.sen.es.kr,남녀공학,both,126.9039299,37.5237979
서울특별시교육청,서울특별시남부교육지원청,서울특별시 구로구,S010001248,서울오류남초등학교,2,공립,N,,64.0,45.0,66.0,51.0,68.0,63.0,59.0,63.0,64.0,42.0,59.0,50.0,8.0,3.0,0.0,0.0,388.0,317.0,705.0,,N,단설,주간,19820601,19820408,1153010800,서울특별시 구로구 오류동,191-1번지.,152899,8342,서울특별시 구로구 서해안로24길 22,"(오류동, 오류남초등학교)",37.4896863391309,126.83911374431,02-2681-8466,02-2616-7149,http://oryunam.sen.es.kr,남녀공학,both,126.8385122,37.4896598
서울특별시교육청,서울특별시남부교육지원청,서울특별시 구로구,S010001249,서울오류초등학교,2,공립,N,,56.0,61.0,54.0,47.0,37.0,61.0,57.0,69.0,57.0,67.0,57.0,56.0,5.0,3.0,0.0,0.0,323.0,364.0,687.0,,N,단설,주간,19430523,19430523,1153010800,서울특별시 구로구 오류동,15번지.,152890,8268,서울특별시 구로구 경인로19길 39,", 서울오류초등학교 (오류동)",37.498249,126.842191,02-2612-6412,02-2625-3239,http://oryu.sen.es.kr,남녀공학,both,126.8423491,37.4983753
서울특별시교육청,서울특별시남부교육지원청,서울특별시 구로구,S010001250,서울오정초등학교,2,공립,N,,29.0,29.0,29.0,27.0,19.0,32.0,39.0,32.0,35.0,20.0,43.0,29.0,5.0,0.0,0.0,0.0,199.0,169.0,368.0,,N,단설,주간,19860429,19860109,1153010800,서울특별시 구로구 오류동,108-28번지(오정길 6).,152895,8359,서울특별시 구로구 경인로2길 10,", 서울오정초등학교 (오류동)",37.489698,126.826203,02-2686-3165,02-2687-3135,http://ojung.sen.es.kr,남녀공학,both,126.8266384,37.4893596
서울특별시교육청,서울특별시남부교육지원청,서울특별시 구로구,S010001251,서울온수초등학교,2,공립,N,,59.0,52.0,67.0,67.0,83.0,77.0,76.0,67.0,81.0,72.0,67.0,67.0,6.0,2.0,0.0,0.0,439.0,404.0,843.0,,N,단설,주간,19840919,19840127,1153011000,서울특별시 구로구 온수동,산2-8번지(온수동길 100).,152120,8260,서울특별시 구로구 부일로 893,(온수동),37.494168,126.826022,02-2684-4902,02-2687-0944,http://onsu.sen.es.kr,남녀공학,both,126.8259125,37.4941929
서울특별시교육청,서울특별시남부교육지원청,서울특별시 영등포구,S010001252,서울우신초등학교,2,공립,N,,18.0,19.0,16.0,17.0,16.0,27.0,14.0,21.0,11.0,20.0,23.0,25.0,2.0,2.0,0.0,0.0,100.0,131.0,231.0,,N,단설,주간,19150426,19150305,1156013200,서울특별시 영등포구 신길동,210번지.,150844,7347,서울특별시 영등포구 신길로 190,"(신길동,우신초등학교)",37.510414,126.911806,02-834-2258,02-847-8439,http://usin.sen.es.kr,남녀공학,both,126.9118545,37.5098583
서울특별시교육청,서울특별시남부교육지원청,서울특별시 영등포구,S010001253,서울윤중초등학교,2,공립,N,,40.0,33.0,37.0,40.0,39.0,37.0,46.0,59.0,40.0,28.0,50.0,40.0,0.0,0.0,0.0,0.0,252.0,237.0,489.0,,N,단설,주간,19800404,19791226,1156011000,서울특별시 영등포구 여의도동,38번지(여의나루길 109-1).,150887,7322,서울특별시 영등포구 여의나루로2길 14,(여의도동),37.519335,126.923152,02-782-2042,02-782-6321,http://yunjung.sen.es.kr,남녀공학,both,126.9230156,37.5199238
서울특별시교육청,서울특별시남부교육지원청,서울특별시 금천구,S010001254,서울정심초등학교,2,공립,N,,22.0,25.0,18.0,26.0,22.0,20.0,30.0,24.0,31.0,33.0,32.0,27.0,5.0,6.0,0.0,0.0,160.0,161.0,321.0,,N,단설,주간,19830502,19821110,1154510200,서울특별시 금천구 독산동,182-44번지.,153808,8556,서울특별시 금천구 독산로78다길 89,", 정심초등학교 (독산동)",37.4719923388705,126.908214556216,02-856-5188,02-853-9272,http://jungshim.sen.es.kr,남녀공학,both,126.9084184,37.4716719
서울특별시교육청,서울특별시남부교육지원청,서울특별시 금천구,S010001255,서울탑동초등학교,2,공립,N,,36.0,40.0,38.0,31.0,39.0,39.0,56.0,38.0,35.0,41.0,37.0,46.0,8.0,4.0,0.0,0.0,249.0,239.0,488.0,,N,단설,주간,19671204,19670915,1154510300,서울특별시 금천구 시흥동,230번지.,153842,8575,서울특별시 금천구 탑골로 47-3,"(시흥동, 탑동초등학교)",37.4525178069669,126.915367537286,02-894-6050,02-892-4348,http://topdong.sen.es.kr,남녀공학,both,126.9147558,37.4529246
서울특별시교육청,서울특별시동부교육지원청,서울특별시 동대문구,S010001394,경희초등학교,2,사립,N,,61.0,60.0,60.0,62.0,71.0,51.0,62.0,50.0,39.0,39.0,30.0,38.0,0.0,0.0,0.0,0.0,323.0,300.0,623.0,,N,병설,주간,19610518,19610331,1123010800,서울특별시 동대문구 회기동,1번지(경희대길 47).,130050,2447,서울특별시 동대문구 경희대로 26,", 경희초등학교 (회기동, 경희대학교)",37.594945,127.049092,02-962-4300,02-967-2498,http://kyunghee.sen.es.kr,남녀공학,both,127.0525009,37.5964494
서울특별시교육청,서울특별시동부교육지원청,서울특별시 중랑구,S010001395,금성초등학교,2,사립,N,,61.0,60.0,60.0,62.0,58.0,63.0,63.0,45.0,44.0,44.0,37.0,35.0,0.0,0.0,0.0,0.0,323.0,309.0,632.0,,N,단설,주간,19650626,19650607,1126010600,서울특별시 중랑구 신내동,651.,131130,2028,서울특별시 중랑구 신내로21길 55,", 금성초등학교 (신내동)",37.6150693,127.0900306,02-3421-0500,02-3421-2700,http://www.kumsung.net,남녀공학,both,127.0897092,37.6153400
서울특별시교육청,서울특별시동부교육지원청,서울특별시 동대문구,S010001396,서울삼육초등학교,2,사립,N,,60.0,60.0,65.0,57.0,56.0,64.0,59.0,60.0,55.0,61.0,51.0,68.0,0.0,0.0,0.0,0.0,346.0,370.0,716.0,,N,단설,주간,19131001,19190401,1123010800,서울특별시 동대문구 회기동,102-48.,130050,2458,서울특별시 동대문구 회기로10길 63,", 서울삼육초등학교 (회기동)",37.5887703315074,127.04717356048,02-966-4859,02-969-4183,http://seoul36.sen.es.kr,남녀공학,both,127.0476832,37.5887992
서울특별시교육청,서울특별시동부교육지원청,서울특별시 동대문구,S010001397,서울군자초등학교,2,공립,N,,25.0,28.0,25.0,28.0,16.0,18.0,27.0,20.0,18.0,29.0,27.0,26.0,7.0,4.0,0.0,0.0,145.0,153.0,298.0,,N,단설,주간,19731122,19730106,1123010600,서울특별시 동대문구 장안동,239-2.,02632,2632,서울특별시 동대문구 한천로6길 21,", 서울군자초등학교 (장안동)",37.5641238492645,127.060523073374,02-2244-0488,02-2214-2226,http://kunja.sen.es.kr,남녀공학,both,127.0615019,37.5644803
서울특별시교육청,서울특별시동부교육지원청,서울특별시 동대문구,S010001398,서울답십리초등학교,2,공립,N,,75.0,88.0,79.0,95.0,72.0,59.0,84.0,82.0,67.0,65.0,65.0,76.0,4.0,2.0,0.0,0.0,446.0,467.0,913.0,,N,단설,주간,19621129,19620201,1123010500,서울특별시 동대문구 답십리동,274번지.,130030,2601,서울특별시 동대문구 전농로3길 23,", 서울답십리초등학교 (답십리동)",37.568665,127.055616,02-2242-9256,02-2215-9247,http://dapsimni.sen.es.kr,남녀공학,both,127.0554086,37.5687740
서울특별시교육청,서울특별시동부교육지원청,서울특별시 동대문구,S010001399,서울동답초등학교,2,공립,N,,41.0,48.0,32.0,45.0,40.0,42.0,40.0,41.0,51.0,34.0,46.0,33.0,0.0,0.0,0.0,0.0,250.0,243.0,493.0,,N,단설,주간,19840523,19831203,1123010500,서울특별시 동대문구 답십리동,2-24.,02609,2609,서울특별시 동대문구 답십리로60길 12,"(답십리동,서울동답초등학교)",37.5715029534551,127.06403364287,02-2213-9820,02-2215-9394,http://dongdab.sen.es.kr,남녀공학,both,127.0645135,37.5720121
서울특별시교육청,서울특별시동부교육지원청,서울특별시 중랑구,S010001400,서울동원초등학교,2,공립,N,,37.0,20.0,28.0,26.0,28.0,29.0,42.0,42.0,26.0,30.0,37.0,28.0,5.0,5.0,0.0,0.0,203.0,180.0,383.0,,N,병설,주간,19910504,19910121,1126010500,서울특별시 중랑구 망우동,216.,131802,2061,서울특별시 중랑구 송림길 114,", 서울동원초등학교 (망우동)",37.6045765325966,127.104491416577,02-438-3141,02-432-8677,http://dongwon.sen.es.kr,남녀공학,both,127.1051446,37.6046698
서울특별시교육청,서울특별시동부교육지원청,서울특별시 중랑구,S010001401,서울망우초등학교,2,공립,N,,25.0,33.0,26.0,19.0,21.0,31.0,37.0,24.0,37.0,26.0,27.0,35.0,3.0,1.0,0.0,0.0,176.0,169.0,345.0,,N,단설,주간,19770506,19760820,1126010500,서울특별시 중랑구 망우동,153-1.,131802,2179,서울특별시 중랑구 망우로72길 49,", 서울망우초등학교 (망우동)",37.59834,127.10358,02-2209-6323,02-2209-6327,http://mangwoo.sen.es.kr,남녀공학,both,127.1033833,37.5985751
서울특별시교육청,서울특별시동부교육지원청,서울특별시 중랑구,S010001402,서울면남초등학교,2,공립,N,,31.0,28.0,23.0,23.0,29.0,22.0,39.0,20.0,24.0,29.0,27.0,22.0,4.0,0.0,0.0,0.0,177.0,144.0,321.0,,N,단설,주간,19831019,19820701,1126010100,서울특별시 중랑구 면목동,583-15.,02251,2251,서울특별시 중랑구 면목로30나길 38,"(면목동,면남초등학교)",37.577035,127.088157,02-433-0074,02-436-0656,http://myunnam.sen.es.kr,남녀공학,both,127.0882218,37.5770524
서울특별시교육청,서울특별시동부교육지원청,서울특별시 중랑구,S010001403,서울면동초등학교,2,공립,N,,104.0,95.0,82.0,82.0,88.0,74.0,79.0,88.0,82.0,90.0,76.0,70.0,3.0,6.0,0.0,0.0,514.0,505.0,1019.0,,N,단설,주간,19780901,19780901,1126010100,서울특별시 중랑구 면목동,551.,131818,2220,서울특별시 중랑구 면목로57길 32,"(면목동, 면동초등학교)",37.585353054459,127.086594119833,02-434-7814,02-437-1791,http://myeondong.sen.es.kr,남녀공학,both,127.0867853,37.5854511
서울특별시교육청,서울특별시동부교육지원청,서울특별시 중랑구,S010001404,서울면목초등학교,2,공립,N,,57.0,47.0,43.0,38.0,45.0,46.0,52.0,53.0,53.0,45.0,65.0,58.0,3.0,3.0,0.0,0.0,318.0,290.0,608.0,,N,단설,주간,19441112,19300401,1126010100,서울특별시 중랑구 면목동,221.,131817,2160,서울특별시 중랑구 면목로 434,(면목동),37.5906972297102,127.08728872946,02-491-4341,02-493-9148,http://myeonmok.sen.es.kr,남녀공학,both,127.0876476,37.5912922
서울특별시교육청,서울특별시동부교육지원청,서울특별시 중랑구,S010001405,서울면북초등학교,2,공립,N,,13.0,9.0,10.0,7.0,13.0,6.0,10.0,8.0,7.0,14.0,17.0,9.0,2.0,4.0,0.0,0.0,72.0,57.0,129.0,,N,단설,주간,19831026,19830701,1126010500,서울특별시 중랑구 망우동,119.,131801,2180,서울특별시 중랑구 용마공원로5길 32,", 서울면북초등학교 (망우동)",37.5944177943231,127.10354870554,02-433-3338,02-438-8474,http://myeonbuk.sen.es.kr,남녀공학,both,127.1034519,37.5946237
서울특별시교육청,서울특별시동부교육지원청,서울특별시 중랑구,S010001406,서울면일초등학교,2,공립,N,,53.0,53.0,44.0,49.0,49.0,38.0,58.0,63.0,53.0,64.0,59.0,51.0,7.0,6.0,0.0,0.0,323.0,324.0,647.0,,N,단설,주간,19830421,19830421,1126010500,서울특별시 중랑구 망우동,440.,131806,2184,서울특별시 중랑구 용마산로100길 13,", 면일초등학교 (망우동)",37.5920424099565,127.099795279575,02-437-8112,02-437-8115,http://myeonil.sen.es.kr,남녀공학,both,127.0997979,37.5920729
서울특별시교육청,서울특별시동부교육지원청,서울특별시 중랑구,S010001407,서울면중초등학교,2,공립,N,,36.0,30.0,20.0,23.0,18.0,24.0,21.0,24.0,23.0,19.0,24.0,19.0,4.0,2.0,0.0,0.0,146.0,141.0,287.0,,N,단설,주간,19760605,19760605,1126010100,서울특별시 중랑구 면목동,491-1.,131203,2193,서울특별시 중랑구 용마산로70길 43,", 서울면중초등학교 (면목동)",37.5824405304357,127.0965490647,02-434-0386,02-493-4761,http://myunjoong.sen.es.kr,남녀공학,both,127.0966595,37.5823767
서울특별시교육청,서울특별시동부교육지원청,서울특별시 중랑구,S010001408,서울묵동초등학교,2,공립,N,,36.0,27.0,23.0,35.0,36.0,24.0,42.0,44.0,41.0,44.0,24.0,39.0,4.0,3.0,0.0,0.0,206.0,216.0,422.0,,N,단설,주간,19721025,19721025,1126010300,서울특별시 중랑구 중화동,277-1.,131875,2050,서울특별시 중랑구 동일로138길 27,", 서울묵동초등학교 (중화동)",37.6033589544796,127.080825857952,02-433-3140,02-437-7055,http://mookdong.sen.es.kr,남녀공학,both,127.0812806,37.6042645
서울특별시교육청,서울특별시동부교육지원청,서울특별시 동대문구,S010001409,서울배봉초등학교,2,공립,N,,36.0,37.0,33.0,36.0,41.0,36.0,29.0,36.0,52.0,48.0,37.0,36.0,3.0,0.0,0.0,0.0,231.0,229.0,460.0,,N,단설,주간,19711008,19710105,1123010400,서울특별시 동대문구 전농동,3-111 서울배봉초등학교.,130848,2509,서울특별시 동대문구 사가정로 193,", 배봉초등학교 (전농동)",37.580154,127.065973,02-2243-6502,02-2243-6503,http://baebong.sen.es.kr,남녀공학,both,127.0660625,37.5802181
서울특별시교육청,서울특별시동부교육지원청,서울특별시 중랑구,S010001410,서울봉화초등학교,2,공립,N,,41.0,34.0,41.0,45.0,39.0,49.0,44.0,42.0,34.0,47.0,40.0,50.0,13.0,2.0,0.0,0.0,252.0,269.0,521.0,,N,단설,주간,19960919,19951115,1126010600,서울특별시 중랑구 신내동,655.,131872,2027,서울특별시 중랑구 신내로15길 110,"(신내동,봉화초등학교)",37.61351,127.092392,02-3421-0091,02-3421-9991,http://bonghwa.sen.es.kr,남녀공학,both,127.0923215,37.6136152
서울특별시교육청,서울특별시동부교육지원청,서울특별시 중랑구,S010001411,서울상봉초등학교,2,공립,N,,46.0,43.0,59.0,50.0,51.0,44.0,55.0,42.0,48.0,43.0,46.0,52.0,5.0,2.0,0.0,0.0,310.0,276.0,586.0,,N,단설,주간,19831025,19831025,1126010200,서울특별시 중랑구 상봉동,312-1.,131862,2096,서울특별시 중랑구 동일로126가길 11,", 서울상봉초등학교 (상봉동)",37.5979802140368,127.083170854391,02-432-5237,02-438-0649,http://sang-bong.sen.es.kr,남녀공학,both,127.0831715,37.5979790
서울특별시교육청,서울특별시동부교육지원청,서울특별시 중랑구,S010001412,서울신내초등학교,2,공립,N,,51.0,58.0,44.0,45.0,43.0,49.0,67.0,67.0,67.0,56.0,82.0,69.0,6.0,1.0,0.0,0.0,360.0,345.0,705.0,,N,단설,주간,19940506,19940105,1126010600,서울특별시 중랑구 신내동,444번지.,131868,2071,서울특별시 중랑구 용마산로125나길 22,"(신내동,신내초등학교)",37.6049335018213,127.10012959362,02-2207-0501,02-2207-0504,http://sinne.sen.es.kr,남녀공학,both,127.1000335,37.6045662
서울특별시교육청,서울특별시동부교육지원청,서울특별시 동대문구,S010001413,서울신답초등학교,2,공립,N,,55.0,56.0,45.0,44.0,41.0,36.0,45.0,30.0,37.0,29.0,46.0,32.0,3.0,0.0,0.0,0.0,272.0,227.0,499.0,,N,단설,주간,19720509,19710901,1123010500,서울특별시 동대문구 답십리동,463-3.,02592,2592,서울특별시 동대문구 천호대로 177,"(답십리동,서울신답초등학교)",37.5727054198896,127.042961461586,02-2212-1485,02-2214-5392,http://shindap.sen.es.kr/,남녀공학,both,127.0434899,37.5732603
서울특별시교육청,서울특별시동부교육지원청,서울특별시 중랑구,S010001414,서울신묵초등학교,2,공립,N,,29.0,29.0,31.0,31.0,34.0,15.0,37.0,34.0,30.0,39.0,37.0,23.0,5.0,0.0,0.0,0.0,203.0,171.0,374.0,,N,단설,주간,19850507,19841205,1126010400,서울특별시 중랑구 묵동,246-12.,02011,2011,서울특별시 중랑구 동일로149길 46,"(묵동,신묵초등학교)",37.6065229379619,127.075837191835,02-976-6212,02-949-2821,http://sinmook.sen.es.kr,남녀공학,both,127.0755487,37.6070767
서울특별시교육청,서울특별시동부교육지원청,서울특별시 중랑구,S010001415,서울신현초등학교,2,공립,N,,44.0,32.0,39.0,45.0,31.0,35.0,34.0,42.0,52.0,36.0,46.0,41.0,2.0,3.0,0.0,0.0,248.0,234.0,482.0,,N,단설,주간,19960301,19950105,1126010600,서울특별시 중랑구 신내동,663.,131865,2075,서울특별시 중랑구 봉화산로 188,(신내동),37.6056743,127.0936591,02-3421-0142,02-3421-0145,http://shinhyun.sen.es.kr,남녀공학,both,127.0936591,37.6056743
서울특별시교육청,서울특별시동부교육지원청,서울특별시 동대문구,S010001416,서울안평초등학교,2,공립,N,,106.0,85.0,75.0,91.0,79.0,87.0,87.0,91.0,89.0,92.0,84.0,85.0,5.0,4.0,0.0,0.0,525.0,535.0,1060.0,,N,단설,주간,19901010,19900716,1123010600,서울특별시 동대문구 장안동,353-1.,130841,2641,서울특별시 동대문구 장한로14길 61,", 서울안평초등학교 (장안동)",37.5659698352076,127.072033650453,02-2214-0258,02-2214-0520,http://anpyeong.sen.es.kr,남녀공학,both,127.0721244,37.5659619
서울특별시교육청,서울특별시동부교육지원청,서울특별시 동대문구,S010001417,서울용두초등학교,2,공립,N,,34.0,43.0,30.0,35.0,46.0,27.0,43.0,35.0,39.0,29.0,37.0,33.0,1.0,1.0,0.0,0.0,230.0,203.0,433.0,,N,단설,주간,19481101,19481101,1123010200,서울특별시 동대문구 용두동,237-1.,130823,2583,서울특별시 동대문구 천호대로13길 43,(용두동),37.5764147141891,127.028387306631,02-927-4892,02-927-4893,http://yongdu.sen.es.kr,남녀공학,both,127.0289072,37.5761767
서울특별시교육청,서울특별시동부교육지원청,서울특별시 중랑구,S010001418,서울원묵초등학교,2,공립,N,,71.0,77.0,80.0,65.0,104.0,97.0,110.0,84.0,84.0,78.0,107.0,97.0,7.0,0.0,0.0,0.0,563.0,498.0,1061.0,,N,단설,주간,19951110,19951110,1126010400,서울특별시 중랑구 묵동,11.,131846,2022,서울특별시 중랑구 숙선옹주로 109,", 서울원묵초등학교 (묵동)",37.6177489018345,127.086812905041,02-3421-2100,02-3421-2103,http://wonmuk.sen.es.kr,남녀공학,both,127.0859845,37.6180397
서울특별시교육청,서울특별시동부교육지원청,서울특별시 동대문구,S010001419,서울이문초등학교,2,공립,N,,55.0,59.0,57.0,48.0,75.0,50.0,66.0,72.0,72.0,72.0,75.0,70.0,14.0,1.0,0.0,0.0,414.0,372.0,786.0,,N,단설,주간,19670906,19670711,1123011000,서울특별시 동대문구 이문동,164-26.,130080,2411,서울특별시 동대문구 신이문로 16,"(이문동, 서울이문초등학교)",37.6022,127.064343,02-957-8141,02-969-3244,http://imun.sen.es.kr,남녀공학,both,127.0643222,37.6022309
서울특별시교육청,서울특별시동부교육지원청,서울특별시 동대문구,S010001420,서울장평초등학교,2,공립,N,,96.0,86.0,114.0,84.0,81.0,69.0,109.0,91.0,91.0,78.0,105.0,82.0,3.0,6.0,0.0,0.0,599.0,496.0,1095.0,,N,병설,주간,19800404,19800404,1123010600,서울특별시 동대문구 장안동,323.,130839,2523,서울특별시 동대문구 답십리로69길 27,", 69길 27 (전농동)",37.573776,127.073311,02-2243-6108,02-2243-6106,http://jang-pyung.sen.es.kr,남녀공학,both,127.0732238,37.5738467
서울특별시교육청,서울특별시동부교육지원청,서울특별시 동대문구,S010001421,서울전곡초등학교,2,공립,N,,20.0,23.0,22.0,15.0,29.0,20.0,37.0,24.0,33.0,29.0,42.0,24.0,4.0,3.0,0.0,0.0,187.0,138.0,325.0,,N,단설,주간,19610406,19590508,1123010400,서울특별시 동대문구 전농동,188.,130853,2505,서울특별시 동대문구 전농로 172,(전농동),37.580525,127.05645,02-2242-6548,02-2242-6549,http://jeongok.sen.es.kr,남녀공학,both,127.0564500,37.5805250
서울특별시교육청,서울특별시동부교육지원청,서울특별시 동대문구,S010001422,서울전농초등학교,2,공립,N,,107.0,97.0,99.0,91.0,71.0,92.0,95.0,85.0,83.0,73.0,75.0,60.0,5.0,3.0,0.0,0.0,535.0,501.0,1036.0,,N,단설,주간,19420408,19420408,1123010400,서울특별시 동대문구 전농동,306.,130854,2541,서울특별시 동대문구 사가정로 66,", 서울전농초등학교 (전농동)",37.574552,127.054227,02-2247-0291,02-2214-7238,http://jeonnong.sen.es.kr,남녀공학,both,127.0542904,37.5744909
서울특별시교육청,서울특별시동부교육지원청,서울특별시 동대문구,S010001423,서울전동초등학교,2,공립,N,,61.0,44.0,61.0,58.0,54.0,48.0,50.0,66.0,57.0,63.0,66.0,60.0,4.0,4.0,0.0,0.0,353.0,343.0,696.0,,N,단설,주간,19690520,19681206,1123010400,서울특별시 동대문구 전농동,45-41.,130850,2508,서울특별시 동대문구 전농로16길 61,", 서울전동초등학교 (전농동)",37.5790838251106,127.060806882385,02-2214-6574,02-2216-0940,https://jeondong.sen.es.kr,남녀공학,both,127.0614380,37.5794265
서울특별시교육청,서울특별시동부교육지원청,서울특별시 동대문구,S010001424,서울종암초등학교,2,공립,N,,43.0,32.0,33.0,31.0,43.0,34.0,37.0,33.0,44.0,32.0,50.0,47.0,3.0,2.0,0.0,0.0,253.0,211.0,464.0,,N,단설,주간,19220708,19220708,1123010300,서울특별시 동대문구 제기동,1157.,130864,2574,서울특별시 동대문구 무학로44길 25,(제기동),37.5823063288993,127.031858420499,02-924-4125,02-923-0173,http://jongam.sen.es.kr,남녀공학,both,127.0314283,37.5821922
서울특별시교육청,서울특별시동부교육지원청,서울특별시 중랑구,S010001425,서울중곡초등학교,2,공립,N,,81.0,61.0,55.0,51.0,77.0,68.0,71.0,79.0,82.0,70.0,69.0,71.0,5.0,2.0,0.0,0.0,440.0,402.0,842.0,,N,단설,주간,19670905,19670905,1126010100,서울특별시 중랑구 면목동,380.,02245,2245,서울특별시 중랑구 면목로23길 20,"(면목동,중곡초등학교)",37.574723,127.083504,02-2209-2543,02-2209-2549,http://cg.sen.es.kr,남녀공학,both,127.0832735,37.5745692
서울특별시교육청,서울특별시동부교육지원청,서울특별시 중랑구,S010001426,서울중랑초등학교,2,공립,N,,52.0,57.0,49.0,60.0,51.0,52.0,61.0,65.0,55.0,45.0,47.0,53.0,6.0,3.0,0.0,0.0,321.0,335.0,656.0,,N,병설,주간,19720508,19720508,1126010100,서울특별시 중랑구 면목동,192-1번지.,131824,2132,서울특별시 중랑구 봉우재로6길 26,"(면목동,중랑초등학교)",37.5896638101507,127.07550305221,02-437-4147,02-438-5085,http://jungnang.sen.es.kr,남녀공학,both,127.0754488,37.5890172
서울특별시교육청,서울특별시동부교육지원청,서울특별시 중랑구,S010001427,서울중목초등학교,2,공립,N,,56.0,34.0,37.0,38.0,31.0,32.0,32.0,34.0,31.0,17.0,30.0,27.0,4.0,2.0,0.0,0.0,221.0,184.0,405.0,,N,단설,주간,19971104,19971104,1126010100,서울특별시 중랑구 면목동,180-5.,131820,2130,서울특별시 중랑구 동일로 665,", 서울중목초등학교 (면목동)",37.5900865407037,127.079371271272,02-2209-0012,02-2209-0017,http://joongmok.sen.es.kr,남녀공학,both,127.0793795,37.5902188
서울특별시교육청,서울특별시동부교육지원청,서울특별시 중랑구,S010001428,서울중화초등학교,2,공립,N,,96.0,92.0,95.0,82.0,90.0,105.0,120.0,103.0,103.0,103.0,116.0,110.0,4.0,3.0,0.0,0.0,624.0,598.0,1222.0,,N,단설,주간,19461107,19461107,1126010600,서울특별시 중랑구 신내동,531.,131130,2085,서울특별시 중랑구 신내로7가길 22,", 서울중화초등학교 (신내동)",37.602920273105,127.094066012412,02-433-8993,02-437-0458,http://junghwa.sen.es.kr,남녀공학,both,127.0944866,37.6033414
서울특별시교육청,서울특별시동부교육지원청,서울특별시 중랑구,S010001429,서울중흥초등학교,2,공립,N,,18.0,13.0,15.0,14.0,19.0,22.0,15.0,10.0,13.0,14.0,15.0,22.0,11.0,2.0,0.0,0.0,106.0,97.0,203.0,,N,단설,주간,19991002,19990726,1126010300,서울특별시 중랑구 중화동,"봉화산로 82(중화동, 서울중흥초등학교).",131120,2089,서울특별시 중랑구 봉화산로 82,", 서울중흥초등학교 (중화동)",37.6016735855106,127.084144328629,02-495-2912,02-495-0577,http://jung-heung.sen.es.kr,남녀공학,both,127.0840851,37.6017578
서울특별시교육청,서울특별시동부교육지원청,서울특별시 동대문구,S010001430,서울청량초등학교,2,공립,N,,50.0,56.0,44.0,39.0,57.0,51.0,57.0,56.0,64.0,51.0,72.0,54.0,3.0,1.0,0.0,0.0,347.0,308.0,655.0,,N,단설,주간,19370405,19370405,1123010800,서울특별시 동대문구 회기동,1-1.,02452,2452,서울특별시 동대문구 회기로25길 31,"(회기동,서울청량초등학교)",37.5923092187862,127.055908025747,02-962-1341,02-967-9996,http://chongryang.sen.es.kr,남녀공학,both,127.0559381,37.5922665
서울특별시교육청,서울특별시동부교육지원청,서울특별시 동대문구,S010001431,서울홍릉초등학교,2,공립,N,,34.0,28.0,36.0,18.0,24.0,26.0,36.0,32.0,35.0,29.0,30.0,21.0,3.0,1.0,0.0,0.0,198.0,155.0,353.0,,N,단설,주간,19671130,19670915,1123010700,서울특별시 동대문구 청량리동,206-44.,130868,2457,서울특별시 동대문구 회기로 90,(청량리동),37.591592,127.04719,02-968-4701,02-969-5135,http://hongneung.sen.es.kr,남녀공학,both,127.0470765,37.5911081
서울특별시교육청,서울특별시동부교육지원청,서울특별시 동대문구,S010001432,서울홍파초등학교,2,공립,N,,19.0,11.0,18.0,15.0,20.0,18.0,24.0,16.0,20.0,17.0,14.0,19.0,7.0,2.0,0.0,0.0,122.0,98.0,220.0,,N,단설,주간,19600705,19590508,1123010300,서울특별시 동대문구 제기동,678.,130863,2479,서울특별시 동대문구 고산자로 518,(제기동),37.586203511572,127.039518275466,02-967-8161,02-968-5763,http://hongpa.sen.es.kr,남녀공학,both,127.0393968,37.5862001
서울특별시교육청,서울특별시동부교육지원청,서울특별시 동대문구,S010001433,서울휘경초등학교,2,공립,N,,27.0,20.0,30.0,20.0,17.0,19.0,21.0,25.0,23.0,29.0,24.0,24.0,6.0,6.0,0.0,0.0,148.0,143.0,291.0,,N,단설,주간,19591010,19591010,1123010900,서울특별시 동대문구 휘경동,302-2.,130092,2495,서울특별시 동대문구 망우로6길 48,"(휘경동, 서울휘경초등학교)",37.5857622,127.0581161,02-2244-4941,02-2214-6961,http://hwykyung.sen.es.kr,남녀공학,both,127.0583533,37.5858983
서울특별시교육청,서울특별시동부교육지원청,서울특별시 동대문구,S010001434,은석초등학교,2,사립,N,,60.0,61.0,62.0,59.0,62.0,60.0,59.0,62.0,52.0,46.0,49.0,44.0,0.0,0.0,0.0,0.0,344.0,332.0,676.0,,N,단설,주간,19630416,19630328,1123010600,서울특별시 동대문구 장안동,328.,130839,2520,서울특별시 동대문구 장안벚꽃로 205,"(장안동, 은석초등학교)",37.578434,127.075702,02-6937-8180,02-6937-8190,http://eunseok.sen.es.kr/index.do,남녀공학,both,127.0759074,37.5785668
서울특별시교육청,서울특별시동작관악교육지원청,서울특별시 동작구,S010001576,서울강남초등학교,2,공립,N,,73.0,76.0,51.0,52.0,58.0,76.0,69.0,66.0,76.0,58.0,65.0,55.0,8.0,2.0,0.0,0.0,400.0,385.0,785.0,,N,병설,주간,19451102,19451102,1159010300,서울특별시 동작구 상도1동,501번지.,156881,6912,서울특별시 동작구 강남초등길 15,(상도1동),37.505892,126.953153,02-824-4471,02-817-7944,http://gangnam.sen.es.kr,남녀공학,both,126.9527103,37.5062787
서울특별시교육청,서울특별시동작관악교육지원청,서울특별시 관악구,S010001577,서울관악초등학교,2,공립,N,,57.0,46.0,42.0,42.0,41.0,53.0,41.0,54.0,48.0,48.0,43.0,42.0,10.0,4.0,0.0,0.0,282.0,289.0,571.0,,N,단설,주간,19711204,19711204,1162010100,서울특별시 관악구 봉천동,920.,151842,8785,서울 관악구 청룡4길 49,", 관악초등학교 (봉천동,관악초등학교)",37.480703,126.943318,02-874-3832,02-874-3837,http://seoul-kwanak.sen.es.kr,남녀공학,both,126.9429250,37.4806680
서울특별시교육청,서울특별시동작관악교육지원청,서울특별시 관악구,S010001578,서울구암초등학교,2,공립,N,,110.0,119.0,108.0,96.0,131.0,96.0,132.0,130.0,141.0,117.0,143.0,133.0,6.0,2.0,0.0,0.0,771.0,693.0,1464.0,,N,단설,주간,19770211,19770211,1162010100,서울특별시 관악구 봉천동,491-5 서울구암초등학교.,151825,8724,서울특별시 관악구 구암길 1,", 서울구암초등학교 (봉천동)",37.48,126.94,02-871-6041,02-872-0371,http://seoulguam.sen.es.kr,남녀공학,both,126.9468142,37.4895118
서울특별시교육청,서울특별시동작관악교육지원청,서울특별시 관악구,S010001579,서울난곡초등학교,2,공립,N,,23.0,35.0,25.0,19.0,33.0,28.0,20.0,26.0,31.0,37.0,38.0,25.0,5.0,3.0,0.0,0.0,175.0,173.0,348.0,,N,단설,주간,19710422,19710422,1162010200,서울특별시 관악구 신림동,711-136.,151881,8858,서울특별시 관악구 난곡로35길 102,"(신림동, 난곡초등학교)",37.469129556592,126.916343592081,02-855-2131,02-855-2135,http://nangok.sen.es.kr,남녀공학,both,126.9166927,37.4692723
서울특별시교육청,서울특별시동작관악교육지원청,서울특별시 관악구,S010001580,서울난우초등학교,2,공립,N,,51.0,52.0,52.0,54.0,45.0,58.0,66.0,69.0,55.0,58.0,72.0,64.0,8.0,3.0,0.0,0.0,349.0,358.0,707.0,,N,단설,주간,19761203,19761203,1162010200,서울특별시 관악구 신림동,589-1.,08850,8850,서울특별시 관악구 난우길 40,"(신림동,난우초등학교)",37.477123,126.917524,07078741206,028526221,http://nanwoo.sen.es.kr,남녀공학,both,126.9174174,37.4770796
서울특별시교육청,서울특별시동작관악교육지원청,서울특별시 관악구,S010001581,서울난향초등학교,2,공립,N,,56.0,47.0,54.0,69.0,66.0,66.0,90.0,60.0,73.0,66.0,54.0,69.0,7.0,2.0,0.0,0.0,400.0,379.0,779.0,,N,단설,주간,19810406,19810406,1162010200,서울특별시 관악구 신림동,672.,151885,8859,서울특별시 관악구 난향길 9,"(신림동,난향초등학교)",37.4624143,126.9180741,02-839-0291,02-869-9317,http://nanhyang.sen.es.kr,남녀공학,both,126.9175428,37.4622900
서울특별시교육청,서울특별시동작관악교육지원청,서울특별시 관악구,S010001582,서울남부초등학교,2,공립,N,,58.0,42.0,38.0,35.0,43.0,42.0,44.0,34.0,35.0,43.0,34.0,41.0,6.0,1.0,0.0,0.0,258.0,238.0,496.0,,N,단설,주간,19851008,19851008,1162010200,서울특별시 관악구 신림동,467.,151870,8763,서울특별시 관악구 남부순환로163길 14,", 서울남부초등학교 (신림동)",37.4851210569861,126.922182643345,02-857-5032,02-859-5857,http://seoulnambu.sen.es.kr,남녀공학,both,126.9221042,37.4851786
서울특별시교육청,서울특별시동작관악교육지원청,서울특별시 동작구,S010001583,서울남사초등학교,2,공립,N,,47.0,57.0,47.0,44.0,43.0,35.0,50.0,34.0,51.0,37.0,44.0,33.0,4.0,1.0,0.0,0.0,286.0,241.0,527.0,,N,단설,주간,19790927,19790927,1159010700,서울특별시 동작구 사당동,1011-1.,156824,7014,서울특별시 동작구 동작대로13길 22,(사당동),37.482523,126.978839,02-522-0333,02-588-7226,http://namsa.sen.es.kr,남녀공학,both,126.9789897,37.4826872
서울특별시교육청,서울특별시동작관악교육지원청,서울특별시 동작구,S010001584,서울남성초등학교,2,공립,N,,42.0,38.0,44.0,49.0,41.0,40.0,42.0,46.0,56.0,39.0,51.0,39.0,6.0,4.0,0.0,0.0,282.0,255.0,537.0,,N,병설,주간,19671205,19670915,1159010700,서울특별시 동작구 사당동,324-20 (학수길 51-2).,156820,7005,서울특별시 동작구 사당로23길 57-14,"(사당동, 서울남성초등학교)",37.4845963277006,126.975487204819,02-595-5471,02-536-2693,http://namsung.sen.es.kr,남녀공학,both,126.9756240,37.4844213
서울특별시교육청,서울특별시동작관악교육지원청,서울특별시 동작구,S010001585,서울노량진초등학교,2,공립,N,,20.0,13.0,14.0,28.0,17.0,14.0,22.0,17.0,16.0,21.0,26.0,25.0,6.0,3.0,0.0,0.0,121.0,121.0,242.0,,N,단설,주간,19481010,19480320,1159010100,서울특별시 동작구 노량진동,238.,156051,6924,서울특별시 동작구 장승배기로 160,(노량진동),37.5117511917055,126.940822237736,02-815-1274,02-821-3298,http://noryangjin.sen.es.kr,남녀공학,both,126.9407391,37.5117336
서울특별시교육청,서울특별시동작관악교육지원청,서울특별시 관악구,S010001586,서울당곡초등학교,2,공립,N,,54.0,73.0,53.0,39.0,47.0,39.0,49.0,50.0,52.0,48.0,49.0,57.0,3.0,3.0,0.0,0.0,307.0,309.0,616.0,,N,단설,주간,19740910,19740910,1162010100,서울특별시 관악구 봉천동,692-8.,151821,8711,서울특별시 관악구 보라매로2길 23,", 23 (봉천동,당곡초등학교)",37.4901,126.92991,02-872-4683,02-872-4685,http://danggok.sen.es.kr,남녀공학,both,126.9296408,37.4902678
서울특별시교육청,서울특별시동작관악교육지원청,서울특별시 동작구,S010001587,서울대림초등학교,2,공립,N,,99.0,90.0,90.0,67.0,90.0,74.0,90.0,83.0,92.0,79.0,90.0,95.0,0.0,0.0,0.0,0.0,551.0,488.0,1039.0,,N,단설,주간,19740402,19730801,1159010800,서울특별시 동작구 대방동,391-62.,156810,6954,서울특별시 동작구 대방동1길 22,(대방동),37.500823,126.925235,02-822-1984,02-822-1987,http://seouldaelim.sen.es.kr,남녀공학,both,126.9253283,37.5006005
서울특별시교육청,서울특별시동작관악교육지원청,서울특별시 동작구,S010001588,서울동작초등학교,2,공립,N,,61.0,53.0,49.0,50.0,47.0,43.0,35.0,43.0,43.0,29.0,43.0,29.0,1.0,1.0,0.0,0.0,279.0,248.0,527.0,,N,단설,주간,19830406,19820707,1159010700,서울특별시 동작구 사당동,산9-1.,156090,6992,서울특별시 동작구 동작대로29길 214,", 서울동작초등학교 (사당동)",37.4941147813449,126.976510867416,02-537-1773,02-594-5569,http://dongjak.sen.es.kr,남녀공학,both,126.9772236,37.4942367
서울특별시교육청,서울특별시동작관악교육지원청,서울특별시 동작구,S010001589,서울문창초등학교,2,공립,N,,53.0,35.0,28.0,23.0,30.0,32.0,28.0,22.0,35.0,51.0,38.0,28.0,9.0,1.0,0.0,0.0,221.0,192.0,413.0,,N,단설,주간,19460406,19460406,1159010900,서울특별시 동작구 신대방동,640.,156853,7066,서울특별시 동작구 신대방2길 14,"(신대방동,서울문창초등학교)",37.4889831201295,126.91484246223,02-836-2031,02-843-7951,http://munchang.sen.es.kr,남녀공학,both,126.9137500,37.4888596
서울특별시교육청,서울특별시동작관악교육지원청,서울특별시 관악구,S010001590,서울미성초등학교,2,공립,N,,66.0,65.0,60.0,62.0,54.0,51.0,73.0,66.0,56.0,58.0,58.0,57.0,3.0,2.0,0.0,0.0,370.0,361.0,731.0,,N,단설,주간,19800417,19800417,1162010200,서울특별시 관악구 신림동,768-23 (문성1길 41-1).,151857,8770,서울특별시 관악구 문성로 79,", 서울미성초등학교 (신림동)",37.4781377,126.9126553,02-839-8302,02-839-8307,http://misung.sen.es.kr,남녀공학,both,126.9126553,37.4781377
서울특별시교육청,서울특별시동작관악교육지원청,서울특별시 동작구,S010001591,서울본동초등학교,2,공립,N,,10.0,17.0,11.0,12.0,13.0,9.0,8.0,8.0,2.0,10.0,5.0,10.0,4.0,1.0,0.0,0.0,53.0,67.0,120.0,,N,단설,주간,19481030,19480825,1159010100,서울특별시 동작구 노량진동,50-8.,156060,6907,서울특별시 동작구 노량진로26길 16-40,", 서울본동초등학교 (본동)",37.5099261605201,126.953853326485,02-815-1044,02-826-4576,http://bondong.sen.es.kr,남녀공학,both,126.9535754,37.5100424
서울특별시교육청,서울특별시동작관악교육지원청,서울특별시 관악구,S010001592,서울봉천초등학교,2,공립,N,,56.0,61.0,70.0,42.0,63.0,50.0,61.0,66.0,59.0,72.0,68.0,56.0,4.0,1.0,0.0,0.0,381.0,348.0,729.0,,N,단설,주간,19670915,19670915,1162010100,서울특별시 관악구 봉천동,28-6.,151809,8736,서울특별시 관악구 행운1라길 17,", 서울봉천초등학교 (봉천동,봉천초등학교)",37.4832687919071,126.958188786288,02-888-3927,02-877-6642,http://bongcheon.sen.es.kr,남녀공학,both,126.9582882,37.4830879
서울특별시교육청,서울특별시동작관악교육지원청,서울특별시 관악구,S010001593,서울사당초등학교,2,공립,N,,49.0,59.0,63.0,50.0,48.0,34.0,56.0,38.0,60.0,49.0,37.0,37.0,9.0,1.0,0.0,0.0,322.0,268.0,590.0,,N,단설,주간,19720713,19720713,1162010300,서울특별시 관악구 남현동,1080-1.,151802,8804,서울특별시 관악구 남현4길 51,", 서울사당초등학교 (남현동)",37.4738378145896,126.973351809303,02-522-4180,02-522-0857,http://sadang.sen.es.kr,남녀공학,both,126.9737120,37.4736311
서울특별시교육청,서울특별시동작관악교육지원청,서울특별시 관악구,S010001594,서울삼성초등학교,2,공립,N,,24.0,16.0,26.0,23.0,35.0,39.0,24.0,35.0,42.0,37.0,24.0,27.0,4.0,2.0,0.0,0.0,179.0,179.0,358.0,,N,단설,주간,19721023,19720803,1162010200,서울특별시 관악구 신림동,233-1.,151019,8816,서울특별시 관악구 대학7길 52,", 삼성초등학교 (신림동)",37.468287,126.941004,02-877-9144,02-872-1137,http://samseong.sen.es.kr,남녀공학,both,126.9410000,37.4679100
서울특별시교육청,서울특별시동작관악교육지원청,서울특별시 동작구,S010001595,서울상도초등학교,2,공립,N,,70.0,65.0,75.0,52.0,69.0,64.0,79.0,65.0,81.0,65.0,92.0,80.0,6.0,5.0,0.0,0.0,472.0,396.0,868.0,,N,단설,주간,19670311,19660206,1159010200,서울특별시 동작구 상도4동,238-2 (도화3길 15 ).,156840,6961,서울특별시 동작구 성대로21길 62,"(상도동,상도초등학교)",37.5003462392092,126.937271162436,02-823-2168,02-823-0247,http://seoulsangdo.sen.es.kr,남녀공학,both,126.9374476,37.4997473
서울특별시교육청,서울특별시동작관악교육지원청,서울특별시 동작구,S010001596,서울신길초등학교,2,공립,N,,59.0,76.0,75.0,78.0,73.0,79.0,84.0,90.0,104.0,118.0,111.0,139.0,6.0,5.0,0.0,0.0,512.0,585.0,1097.0,,N,단설,주간,19640312,19640312,1159010800,서울특별시 동작구 대방동,351-6.,156808,6941,서울특별시 동작구 알마타길 16,(대방동),37.5100779624266,126.926291853478,02-815-6417,02-813-8889,http://singil.sen.es.kr,남녀공학,both,126.9269611,37.5104701
서울특별시교육청,서울특별시동작관악교육지원청,서울특별시 동작구,S010001597,서울신남성초등학교,2,공립,N,,50.0,44.0,48.0,49.0,39.0,39.0,35.0,38.0,41.0,49.0,37.0,45.0,1.0,2.0,0.0,0.0,251.0,266.0,517.0,,N,단설,주간,19750311,19750311,1159010700,서울특별시 동작구 사당동,199-1.,156095,7030,서울특별시 동작구 사당로 146,(사당동),37.489023,126.965034,02-521-6268,02-584-5755,http://shinnamsung.sen.es.kr,남녀공학,both,126.9652047,37.4889471
서울특별시교육청,서울특별시동작관악교육지원청,서울특별시 관악구,S010001598,서울신림초등학교,2,공립,N,,47.0,40.0,44.0,39.0,43.0,67.0,55.0,43.0,50.0,47.0,50.0,48.0,4.0,4.0,0.0,0.0,293.0,288.0,581.0,,N,단설,주간,19700525,19700525,1162010200,서울특별시 관악구 신림동,418-1.,151868,8842,서울특별시 관악구 문성로28길 31,", 서울신림초등학교 (신림동)",37.4773,126.92726,02-856-3127,02-858-6485,http://sillim.sen.es.kr,남녀공학,both,126.9274630,37.4769510
서울특별시교육청,서울특별시동작관악교육지원청,서울특별시 관악구,S010001599,서울신봉초등학교,2,공립,N,,20.0,18.0,24.0,23.0,22.0,23.0,31.0,23.0,21.0,22.0,22.0,16.0,9.0,3.0,0.0,0.0,149.0,128.0,277.0,,N,단설,주간,19811104,19810713,1162010100,서울특별시 관악구 봉천동,458.,151823,8747,서울특별시 관악구 양녕로6나길 1,(봉천동),37.4855755365031,126.949390820858,02-871-9616,02-872-2824,http://sinbong.sen.es.kr,남녀공학,both,126.9491806,37.4854265
서울특별시교육청,서울특별시동작관악교육지원청,서울특별시 동작구,S010001600,서울신상도초등학교,2,공립,N,,137.0,127.0,131.0,115.0,122.0,105.0,139.0,125.0,116.0,111.0,107.0,114.0,11.0,3.0,0.0,0.0,763.0,700.0,1463.0,,N,단설,주간,19820412,19810909,1159010200,서울특별시 동작구 상도동,65.,156837,6967,서울특별시 동작구 장승배기로 14,"(상도동,서울신상도초등학교)",37.500323,126.943968,02-822-6953,02-815-6647,http://shinsangdo.sen.es.kr,남녀공학,both,126.9440875,37.5003417
서울특별시교육청,서울특별시동작관악교육지원청,서울특별시 관악구,S010001601,서울신성초등학교,2,공립,N,,54.0,44.0,33.0,38.0,42.0,49.0,50.0,28.0,52.0,51.0,48.0,55.0,9.0,1.0,0.0,0.0,288.0,266.0,554.0,,N,병설,주간,19821011,19820707,1162010200,서울특별시 관악구 신림동,117-4.,08839,8839,서울특별시 관악구 신림로 114,", 서울신성초등학교 (신림동)",37.47156,126.936951,02-875-7611,02-875-7615,http://sss.sen.es.kr,남녀공학,both,126.9373281,37.4718057
서울특별시교육청,서울특별시동작관악교육지원청,서울특별시 관악구,S010001602,서울신우초등학교,2,공립,N,,15.0,30.0,25.0,22.0,26.0,30.0,30.0,20.0,17.0,30.0,30.0,27.0,6.0,1.0,0.0,0.0,149.0,160.0,309.0,,N,단설,주간,19780406,19770901,1162010200,서울특별시 관악구 신림동,315.,151015,8823,서울특별시 관악구 호암로 498,", 신우초등학교 (신림동)",37.4632653184393,126.932536629968,02-874-9812,02-874-9817,http://seoulsinwoo.sen.es.kr,남녀공학,both,126.9328163,37.4625902
서울특별시교육청,서울특별시동작관악교육지원청,서울특별시 동작구,S010001603,서울영본초등학교,2,공립,N,,62.0,68.0,59.0,64.0,82.0,79.0,86.0,65.0,63.0,58.0,97.0,69.0,3.0,3.0,0.0,0.0,452.0,406.0,858.0,,N,단설,주간,19671127,19671127,1159010400,서울특별시 동작구 본동,441-11.,156813,6915,서울특별시 동작구 만양로12가길 69,", 서울영본초등학교 (본동)",37.5111709262641,126.948473216788,02-815-4371,02-814-6691,http://yeongbon.sen.es.kr,남녀공학,both,126.9485634,37.5106172
서울특별시교육청,서울특별시동작관악교육지원청,서울특별시 동작구,S010001604,서울영화초등학교,2,공립,N,,29.0,30.0,34.0,35.0,34.0,40.0,31.0,46.0,36.0,39.0,30.0,41.0,5.0,6.0,0.0,0.0,199.0,237.0,436.0,,N,단설,주간,19620903,19620903,1159010800,서울특별시 동작구 대방동,44-3.,156807,6933,서울특별시 동작구 등용로8길 3,", 서울영화초등학교 (대방동)",37.5089070338489,126.932975132156,02-824-6051,02-824-6155,http://younghwa.sen.es.kr,남녀공학,both,126.9328621,37.5089181
서울특별시교육청,서울특별시동작관악교육지원청,서울특별시 관악구,S010001605,서울원당초등학교,2,공립,N,,11.0,9.0,9.0,12.0,13.0,12.0,18.0,17.0,12.0,20.0,14.0,15.0,9.0,2.0,0.0,0.0,86.0,87.0,173.0,,N,단설,주간,19730627,19721209,1162010100,서울특별시 관악구 봉천동,1669-1.,151050,8739,서울특별시 관악구 봉천로 505,(봉천동),37.4812786624572,126.956249761746,02-877-4940,02-872-1778,http://wondang.sen.es.kr,남녀공학,both,126.9565010,37.4812297
서울특별시교육청,서울특별시동작관악교육지원청,서울특별시 관악구,S010001606,서울원신초등학교,2,공립,N,,17.0,16.0,19.0,11.0,8.0,10.0,23.0,20.0,14.0,14.0,17.0,14.0,12.0,1.0,0.0,0.0,110.0,86.0,196.0,,N,단설,주간,20021022,20020710,1162010200,서울특별시 관악구 신림동,336.,151861,8846,서울특별시 관악구 광신길 177,", 원신초등학교 (신림동)",37.467291,126.927331,02-888-1813,02-888-1824,http://wonshin.sen.es.kr,남녀공학,both,126.9273040,37.4671884
서울특별시교육청,서울특별시동작관악교육지원청,서울특별시 동작구,S010001607,서울은로초등학교,2,공립,N,,82.0,77.0,68.0,60.0,69.0,54.0,56.0,57.0,47.0,51.0,58.0,31.0,4.0,0.0,0.0,0.0,384.0,330.0,714.0,,N,단설,주간,19081101,19081101,1159010500,서울특별시 동작구 흑석동,245.,156070,6973,서울특별시 동작구 서달로 115,", 서울은로초등학교 (흑석동)",37.503762,126.960738,02-824-0309,02-813-2463,http://eunlo.sen.es.kr,남녀공학,both,126.9599576,37.5032908
서울특별시교육청,서울특별시동작관악교육지원청,서울특별시 관악구,S010001608,서울은천초등학교,2,공립,N,,87.0,65.0,74.0,92.0,89.0,63.0,75.0,79.0,91.0,68.0,87.0,86.0,21.0,3.0,0.0,0.0,524.0,456.0,980.0,,N,단설,주간,19580401,19580401,1162010100,서울특별시 관악구 봉천동,622.,151826,8716,서울특별시 관악구 은천로 69,(봉천동),37.4865852036619,126.942678341151,02-883-6321,02-883-6280,http://euncheon.sen.es.kr,남녀공학,both,126.9428029,37.4870225
서울특별시교육청,서울특별시동작관악교육지원청,서울특별시 관악구,S010001609,서울인헌초등학교,2,공립,N,,74.0,53.0,72.0,70.0,73.0,80.0,71.0,83.0,87.0,74.0,89.0,79.0,0.0,0.0,0.0,0.0,466.0,439.0,905.0,,N,단설,주간,19800402,19791231,1162010100,서울특별시 관악구 봉천동,212-3.,151057,8792,서울특별시 관악구 낙성대로 23,(봉천동),37.4767532754212,126.959865624168,02-872-8101,02-872-6683,http://inhun.sen.es.kr,남녀공학,both,126.9599383,37.4766138
서울특별시교육청,서울특별시동작관악교육지원청,서울특별시 관악구,S010001610,서울청룡초등학교,2,공립,N,,27.0,24.0,25.0,30.0,27.0,34.0,36.0,40.0,30.0,31.0,24.0,44.0,1.0,1.0,0.0,0.0,170.0,204.0,374.0,,N,단설,주간,19851018,19851018,1162010100,서울특별시 관악구 봉천동,390-3.,151050,8833,서울특별시 관악구 관악로5길 61,(봉천동),37.4767248200263,126.951282539435,02-871-5850,02-871-8386,http://chungryong.sen.es.kr,남녀공학,both,126.9511891,37.4757971
서울특별시교육청,서울특별시동작관악교육지원청,서울특별시 동작구,S010001611,서울행림초등학교,2,공립,N,,21.0,20.0,19.0,25.0,19.0,16.0,22.0,21.0,24.0,20.0,21.0,13.0,0.0,0.0,0.0,0.0,126.0,115.0,241.0,,N,단설,주간,19920506,19920506,1159010700,서울특별시 동작구 사당동,236-4.,156095,7031,서울특별시 동작구 솔밭로 47,"(사당동,행림초등학교)",37.483017,126.9645288,02-523-1352,02-523-1354,http://hrim.sen.es.kr,남녀공학,both,126.9644062,37.4831175
서울특별시교육청,서울특별시동작관악교육지원청,서울특별시 동작구,S010001612,서울흑석초등학교,2,공립,N,,43.0,48.0,43.0,43.0,45.0,34.0,58.0,49.0,42.0,47.0,47.0,40.0,5.0,1.0,0.0,0.0,283.0,262.0,545.0,,N,단설,주간,19680923,19680520,1159010500,서울특별시 동작구 흑석동,7-1.,156070,6904,서울특별시 동작구 현충로 87,", 서울흑석초등학교 (흑석동)",37.5082938040374,126.965132875246,02-815-3276,02-821-1908,http://heukseok.sen.es.kr,남녀공학,both,126.9652368,37.5084262
서울특별시교육청,서울특별시동작관악교육지원청,서울특별시 동작구,S010001613,중앙대학교사범대학부속초등학교,2,사립,N,,61.0,60.0,61.0,62.0,60.0,62.0,59.0,61.0,61.0,59.0,67.0,54.0,0.0,0.0,0.0,0.0,369.0,358.0,727.0,,N,부속,주간,19650308,19641203,1159010500,서울특별시 동작구 흑석동,233번지.,06973,6973,서울특별시 동작구 서달로 135,"(흑석동, 중앙대부속초등학교)",37.5054521002549,126.959678357152,02-815-0145,02-822-6132,https://cau.sen.es.kr,남녀공학,both,126.9598622,37.5053679
서울특별시교육청,서울특별시북부교육지원청,서울특별시 도봉구,S010001733,동북초등학교,2,사립,N,,64.0,64.0,64.0,65.0,64.0,64.0,66.0,62.0,61.0,56.0,53.0,59.0,0.0,0.0,0.0,0.0,372.0,370.0,742.0,,N,단설,주간,19640915,19640404,1132010500,서울특별시 도봉구 쌍문동,263번지.,132715,1375,서울특별시 도봉구 시루봉로 53,", 동북초등학교 (쌍문동)",37.6550787254627,127.0261507392,02-993-1233,02-996-8184,http://dongbuk.sen.es.kr,남녀공학,both,127.0266267,37.6544936
서울특별시교육청,서울특별시북부교육지원청,서울특별시 노원구,S010001734,상명초등학교,2,사립,N,,61.0,61.0,61.0,60.0,60.0,61.0,53.0,67.0,49.0,71.0,54.0,55.0,0.0,0.0,0.0,0.0,338.0,375.0,713.0,,N,단설,주간,19640206,19640206,1135010600,서울특별시 노원구 중계동,515-1번지.,139223,1758,서울특별시 노원구 덕릉로 541,", 상명초등학교 (중계동)",37.6487233004094,127.06696901126,02-3788-3300,02-976-2785,http://smcho.sen.es.kr,남녀공학,both,127.0672516,37.6488893
서울특별시교육청,서울특별시북부교육지원청,서울특별시 노원구,S010001735,서울계상초등학교,2,공립,N,,25.0,37.0,30.0,37.0,34.0,36.0,53.0,50.0,41.0,37.0,46.0,47.0,8.0,2.0,0.0,0.0,237.0,246.0,483.0,,N,단설,주간,19831116,19830701,1135010500,서울특별시 노원구 상계동,447-1.,139205,1680,서울특별시 노원구 한글비석로41가길 24,(상계동),37.6621974080668,127.068676608514,02-939-0872,02-938-7803,http://kyesang.sen.es.kr,남녀공학,both,127.0681263,37.6628975
서울특별시교육청,서울특별시북부교육지원청,서울특별시 노원구,S010001736,서울공릉초등학교,2,공립,N,,22.0,23.0,30.0,26.0,20.0,39.0,29.0,33.0,27.0,33.0,26.0,31.0,0.0,0.0,0.0,0.0,154.0,185.0,339.0,,N,단설,주간,19790404,19790404,1135010300,서울특별시 노원구 공릉동,610 (공대천 1길).,139808,1861,서울특별시 노원구 동일로173길 12,"(공릉동,서울공릉초등학교)",37.6186149755309,127.074630697541,02-949-0212,02-948-0211,http://gongrung.sen.es.kr,남녀공학,both,127.0741356,37.6192561
서울특별시교육청,서울특별시북부교육지원청,서울특별시 노원구,S010001737,서울공연초등학교,2,공립,N,,33.0,47.0,40.0,34.0,32.0,28.0,52.0,41.0,48.0,35.0,32.0,30.0,6.0,4.0,0.0,0.0,243.0,219.0,462.0,,N,단설,주간,19821021,19820707,1135010300,서울특별시 노원구 공릉동,공릉 1길-8.,139240,1841,서울특별시 노원구 동일로192가길 16,"(공릉동,서울공연초등학교)",37.627368,127.074873,02-3399-2100,02-977-4123,http://gongyeon.sen.es.kr,남녀공학,both,127.0742354,37.6272886
서울특별시교육청,서울특별시북부교육지원청,서울특별시 노원구,S010001738,서울노원초등학교,2,공립,N,,28.0,21.0,28.0,19.0,21.0,19.0,25.0,28.0,31.0,27.0,20.0,23.0,7.0,0.0,0.0,0.0,160.0,137.0,297.0,,N,단설,주간,19730904,19720902,1135010500,서울특별시 노원구 상계동,1014번지.,139837,1629,서울특별시 노원구 동일로230나길 32,"(상계동, 노원초등학교)",37.67323,127.05836,02-939-1894,02-938-9884,http://nowon.sen.es.kr,남녀공학,both,127.0583800,37.6732619
서울특별시교육청,서울특별시북부교육지원청,서울특별시 노원구,S010001739,서울노일초등학교,2,공립,N,,36.0,41.0,42.0,39.0,34.0,42.0,39.0,41.0,36.0,41.0,53.0,35.0,0.0,0.0,0.0,0.0,240.0,239.0,479.0,,N,단설,주간,19941110,19941110,1135010500,서울특별시 노원구 상계동,1044번지.,01613,1613,서울특별시 노원구 동일로 1625,"(상계동,노일초등학교)",37.6737551608965,127.054967038206,02-951-4394,02-937-4534,http://noil.sen.es.kr,남녀공학,both,127.0547277,37.6736177
서울특별시교육청,서울특별시북부교육지원청,서울특별시 노원구,S010001740,서울녹천초등학교,2,공립,N,,23.0,26.0,19.0,18.0,16.0,20.0,17.0,29.0,23.0,21.0,30.0,27.0,2.0,2.0,0.0,0.0,130.0,143.0,273.0,,N,단설,주간,19951004,19950110,1135010200,서울특별시 노원구 월계동,322-2번지.,139053,1907,서울특별시 노원구 마들로3길 34,", 서울녹천초등학교 (월계동)",37.6285073256222,127.063117336672,02-977-0670,02-977-0674,http://nokcheon.sen.es.kr,남녀공학,both,127.0633779,37.6287981
서울특별시교육청,서울특별시북부교육지원청,서울특별시 도봉구,S010001741,서울누원초등학교,2,공립,N,,66.0,74.0,62.0,57.0,58.0,60.0,65.0,67.0,55.0,84.0,68.0,57.0,6.0,5.0,0.0,0.0,380.0,404.0,784.0,,N,단설,주간,19931111,19930720,1132010800,서울특별시 도봉구 도봉동,22-19번지 (마들로 859-44).,132800,1318,서울특별시 도봉구 마들로 859-44,(도봉동),37.6872327126115,127.049267504069,02-955-5162,02-955-5164,http://nuwon.sen.es.kr,남녀공학,both,127.0496031,37.6870928
서울특별시교육청,서울특별시북부교육지원청,서울특별시 노원구,S010001742,서울당현초등학교,2,공립,N,,46.0,42.0,39.0,39.0,39.0,32.0,41.0,49.0,49.0,37.0,57.0,60.0,4.0,1.0,0.0,0.0,275.0,260.0,535.0,,N,단설,주간,19880418,19880209,1135010500,서울특별시 노원구 상계동,당현1길 26번지.,139200,1764,서울특별시 노원구 동일로213길 52,", 서울당현초등학교 (상계동)",37.6482594353131,127.058211686952,02-932-0605,02-933-9005,http://danghyeon.sen.es.kr,남녀공학,both,127.0583940,37.6489076
서울특별시교육청,서울특별시북부교육지원청,서울특별시 도봉구,S010001743,서울도봉초등학교,2,공립,N,,31.0,30.0,34.0,25.0,24.0,29.0,34.0,32.0,33.0,32.0,38.0,43.0,7.0,3.0,0.0,0.0,201.0,194.0,395.0,,N,단설,주간,19660905,19660628,1132010800,서울특별시 도봉구 도봉동,산75번지 (새주소: 서울특별시 도봉구 무수울2길 66).,132824,1313,서울특별시 도봉구 도봉로173길 96,(도봉동),37.6799604898157,127.038289230191,02-6011-3120,02-955-6413,http://dobong.sen.es.kr,남녀공학,both,127.0383218,37.6795729
서울특별시교육청,서울특별시북부교육지원청,서울특별시 노원구,S010001744,서울동일초등학교,2,공립,N,,62.0,44.0,60.0,43.0,57.0,51.0,61.0,61.0,60.0,55.0,50.0,60.0,0.0,0.0,0.0,0.0,350.0,314.0,664.0,,N,단설,주간,19890425,19880928,1135010500,서울특별시 노원구 상계동,887-7(한글비석길 512).,139835,1619,서울특별시 노원구 한글비석로 566,", 동일초등학교 (상계동)",37.6648142022286,127.054171603532,02-935-8225,02-934-8198,http://dongil.sen.es.kr/,남녀공학,both,127.0545338,37.6653140
서울특별시교육청,서울특별시북부교육지원청,서울특별시 도봉구,S010001745,서울방학초등학교,2,공립,N,,45.0,41.0,42.0,39.0,39.0,40.0,49.0,56.0,63.0,49.0,49.0,58.0,9.0,2.0,0.0,0.0,296.0,285.0,581.0,,N,단설,주간,19821007,19820707,1132010600,서울특별시 도봉구 방학동,302번지.,132020,1357,서울특별시 도봉구 도당로9길 34,", 방학초등학교 (방학동)",37.664101,127.032016,02-3491-6361,02-3492-2226,http://banghakcho.sen.es.kr,남녀공학,both,127.0318060,37.6641091
서울특별시교육청,서울특별시북부교육지원청,서울특별시 도봉구,S010001746,서울백운초등학교,2,공립,N,,75.0,59.0,66.0,55.0,62.0,53.0,74.0,75.0,71.0,64.0,67.0,68.0,7.0,0.0,0.0,0.0,422.0,374.0,796.0,,N,단설,주간,19800930,19800520,1132010500,서울특별시 도봉구 쌍문동,422-1(백운길 11).,132885,1368,서울특별시 도봉구 삼양로146길 17,(쌍문동),37.6532035,127.0139875,02-993-5727,02-996-8493,http://s-baegun.sen.es.kr,남녀공학,both,127.0136530,37.6533602
서울특별시교육청,서울특별시북부교육지원청,서울특별시 노원구,S010001747,서울불암초등학교,2,공립,N,,51.0,54.0,56.0,50.0,80.0,59.0,99.0,60.0,91.0,84.0,92.0,106.0,3.0,0.0,0.0,0.0,472.0,413.0,885.0,,N,단설,주간,19931101,19930901,1135010600,서울특별시 노원구 중계동,366-2.,139861,1721,서울특별시 노원구 중계로 178,", 서울불암초등학교 (중계동)",37.6507834314782,127.080600732463,02-932-5581,02-932-5584,http://bulam.sen.es.kr,남녀공학,both,127.0805747,37.6512619
서울특별시교육청,서울특별시북부교육지원청,서울특별시 노원구,S010001748,서울상경초등학교,2,공립,N,,68.0,46.0,53.0,64.0,42.0,49.0,60.0,52.0,61.0,50.0,43.0,49.0,6.0,3.0,0.0,0.0,333.0,313.0,646.0,,N,단설,주간,19890504,19890504,1135010500,서울특별시 노원구 상계동,621번지(수락산로 237).,01618,1618,서울특별시 노원구 수락산로 237,"(상계동,상경초등학교)",37.6705527662506,127.051673052594,02-937-3147,02-934-7687,http://sanggyeong.sen.es.kr,남녀공학,both,127.0518274,37.6707294
서울특별시교육청,서울특별시북부교육지원청,서울특별시 노원구,S010001749,서울상계초등학교,2,공립,N,,17.0,23.0,18.0,24.0,18.0,17.0,21.0,23.0,28.0,19.0,21.0,26.0,9.0,4.0,0.0,0.0,132.0,136.0,268.0,,N,단설,주간,19460911,19460911,1135010500,서울특별시 노원구 상계동,402-1.,139818,1685,서울특별시 노원구 상계로9길 39,", 서울상계초등학교 (상계동)",37.6596254560325,127.066493745134,02-939-6811,02-932-5140,http://sanggye.sen.es.kr,남녀공학,both,127.0657019,37.6593871
서울특별시교육청,서울특별시북부교육지원청,서울특별시 노원구,S010001750,서울상곡초등학교,2,공립,N,,44.0,46.0,37.0,46.0,50.0,36.0,43.0,49.0,44.0,37.0,51.0,40.0,0.0,0.0,0.0,0.0,269.0,254.0,523.0,,N,단설,주간,19890503,19880928,1135010500,서울특별시 노원구 상계동,678.,01677,1677,서울특별시 노원구 노원로38길 34,", 서울상곡초등학교 (상계동)",37.6629038313301,127.062076554389,02-935-9205,02-938-3950,http://sanggok.sen.es.kr,남녀공학,both,127.0626496,37.6627412
서울특별시교육청,서울특별시북부교육지원청,서울특별시 노원구,S010001751,서울상수초등학교,2,공립,N,,40.0,45.0,59.0,49.0,54.0,44.0,67.0,55.0,67.0,50.0,44.0,70.0,0.0,0.0,0.0,0.0,331.0,313.0,644.0,,N,단설,주간,19881008,19880209,1135010500,서울특별시 노원구 상계동,755번지.,139943,1755,서울특별시 노원구 동일로216길 66,", 서울상수초등학교 (상계동)",37.651991,127.064846,02-932-1442,02-938-7684,http://sangsoo.sen.es.kr,남녀공학,both,127.0649557,37.6520315
서울특별시교육청,서울특별시북부교육지원청,서울특별시 노원구,S010001752,서울상원초등학교,2,공립,N,,27.0,37.0,41.0,30.0,28.0,26.0,36.0,33.0,31.0,34.0,48.0,35.0,3.0,0.0,0.0,0.0,214.0,195.0,409.0,,N,단설,주간,19890930,19890513,1135010500,서울특별시 노원구 상계동,645번지.,139209,1672,서울특별시 노원구 한글비석로54길 119,(상계동),127.0598254,37.6671878,02-938-7974,02-935-0590,http://sangwon.sen.es.kr,남녀공학,both,127.0596209,37.6675645
서울특별시교육청,서울특별시북부교육지원청,서울특별시 노원구,S010001753,서울상월초등학교,2,공립,N,,19.0,24.0,20.0,21.0,13.0,9.0,12.0,14.0,23.0,14.0,8.0,8.0,1.0,0.0,0.0,0.0,96.0,90.0,186.0,,N,단설,주간,19900529,19900120,1135010500,서울 노원구 상계10동,697번지 (상월길13 ).,139827,1687,서울특별시 노원구 동일로221길 27,(상계동),37.6586537700263,127.056982239959,02-939-7368,02-932-2966,sw.sen.es.kr,남녀공학,both,127.0567171,37.6586491
서울특별시교육청,서울특별시북부교육지원청,서울특별시 노원구,S010001754,서울상천초등학교,2,공립,N,,30.0,38.0,32.0,34.0,30.0,32.0,20.0,30.0,24.0,35.0,41.0,20.0,4.0,6.0,0.0,0.0,181.0,195.0,376.0,,N,단설,주간,19890930,19890930,1135010500,서울특별시 노원구 상계동,768(당고개길 9).,139831,1765,서울특별시 노원구 덕릉로 443,", 서울상천초등학교 (상계동)",37.6462846786486,127.057806758512,02-938-0204,02-935-0421,http://sangcheon.sen.es.kr,남녀공학,both,127.0578728,37.6462964
서울특별시교육청,서울특별시북부교육지원청,서울특별시 노원구,S010001755,서울선곡초등학교,2,공립,N,,47.0,47.0,60.0,62.0,57.0,53.0,63.0,52.0,49.0,63.0,68.0,60.0,5.0,2.0,0.0,0.0,349.0,339.0,688.0,,N,단설,주간,19750313,19740901,1135010200,서울특별시 노원구 월계동,446번지(선곡길1).,139846,1899,서울특별시 노원구 광운로2길 1,", 서울선곡초등학교 (월계동)",37.61841,127.05804,02-918-6458,02-911-6347,http://sungok.sen.es.kr,남녀공학,both,127.0584244,37.6186904
서울특별시교육청,서울특별시북부교육지원청,서울특별시 노원구,S010001756,서울수락초등학교,2,공립,N,,43.0,38.0,29.0,39.0,39.0,30.0,38.0,43.0,51.0,39.0,46.0,57.0,8.0,2.0,0.0,0.0,254.0,248.0,502.0,,N,병설,주간,19830406,19830406,1135010500,서울특별시 노원구 상계동,1171-2번지.,139838,1602,서울특별시 노원구 동일로 1745,"(상계동,서울수락초등학교)",37.6845019326038,127.055183566985,02-939-0076,02-951-4920,http://surak.sen.es.kr,남녀공학,both,127.0545793,37.6844535
서울특별시교육청,서울특별시북부교육지원청,서울특별시 노원구,S010001757,서울수암초등학교,2,공립,N,,42.0,37.0,35.0,31.0,44.0,39.0,59.0,44.0,60.0,47.0,72.0,67.0,1.0,4.0,0.0,0.0,313.0,269.0,582.0,,N,단설,주간,20000607,20000301,1135010600,서울특별시 노원구 중계동,67번지.,01725,1725,서울특별시 노원구 중계로12길 9,"(중계동,수암초등학교)",37.648425,127.08154,02-3392-4277,02-3392-4128,http://suam.sen.es.kr,남녀공학,both,127.0813393,37.6481406
서울특별시교육청,서울특별시북부교육지원청,서울특별시 도봉구,S010001758,서울숭미초등학교,2,공립,N,,50.0,52.0,47.0,67.0,58.0,43.0,55.0,66.0,57.0,69.0,66.0,60.0,7.0,2.0,0.0,0.0,340.0,359.0,699.0,,N,단설,주간,19831103,19810610,1132010500,서울특별시 도봉구 쌍문동,309-3번지.,132878,1380,서울특별시 도봉구 노해로 179,"(쌍문동,숭미초등학교)",37.6510238921781,127.02794427819,02-904-9552,02-904-6410,http://sungmi.sen.es.kr,남녀공학,both,127.0279267,37.6510106
서울특별시교육청,서울특별시북부교육지원청,서울특별시 노원구,S010001759,서울신계초등학교,2,공립,N,,21.0,19.0,15.0,19.0,26.0,20.0,20.0,20.0,27.0,23.0,33.0,26.0,6.0,2.0,0.0,0.0,148.0,129.0,277.0,,N,단설,주간,19821021,19810701,1135010200,서울특별시 노원구 월계동,602번지 (초안산길 29).,01877,1877,서울특별시 노원구 초안산로 29,"(월계동,신계초등학교)",37.63045,127.05292,02-902-0009,02-990-4810,http://singye.sen.es.kr,남녀공학,both,127.0528107,37.6305177
서울특별시교육청,서울특별시북부교육지원청,서울특별시 도봉구,S010001760,서울신방학초등학교,2,공립,N,,30.0,22.0,24.0,31.0,29.0,29.0,28.0,38.0,36.0,43.0,30.0,31.0,2.0,3.0,0.0,0.0,179.0,197.0,376.0,,N,단설,주간,19860424,19860424,1132010600,서울특별시 도봉구 방학동,310번지.,01316,1316,서울특별시 도봉구 시루봉로 173,", 서울신방학초등학교 (방학동)",37.6666827204188,127.028920355767,02-956-6508,02-954-8059,https://sbh.sen.es.kr,남녀공학,both,127.0291762,37.6660343
서울특별시교육청,서울특별시북부교육지원청,서울특별시 노원구,S010001761,서울신상계초등학교,2,공립,N,,35.0,35.0,32.0,30.0,32.0,30.0,30.0,30.0,33.0,34.0,36.0,31.0,5.0,3.0,0.0,0.0,203.0,193.0,396.0,,N,단설,주간,19700522,19700522,1135010500,서울특별시 노원구 상계동,86-1번지.,139200,1639,서울특별시 노원구 상계로 267,", 신상계초등학교 (상계동)",37.6674295866689,127.075735907421,02-935-7095,02-936-5039,http://sinsanggye.sen.es.kr,남녀공학,both,127.0757095,37.6681338
서울특별시교육청,서울특별시북부교육지원청,서울특별시 도봉구,S010001762,서울신창초등학교,2,공립,N,,19.0,28.0,16.0,26.0,23.0,20.0,24.0,24.0,18.0,22.0,27.0,26.0,0.0,0.0,0.0,0.0,127.0,146.0,273.0,,N,단설,주간,19710512,19710105,1132010700,서울특별시 도봉구 창동,468-1번지.,132916,1480,서울특별시 도봉구 덕릉로60길 93,", 신창초등학교 (창동)",37.636567,127.041855,02-999-8070,02-996-8333,http://shinchang.sen.es.kr,남녀공학,both,127.0419507,37.6366289
서울특별시교육청,서울특별시북부교육지원청,서울특별시 도봉구,S010001763,서울신학초등학교,2,공립,N,,36.0,25.0,35.0,34.0,29.0,23.0,35.0,38.0,37.0,40.0,30.0,38.0,9.0,0.0,0.0,0.0,211.0,198.0,409.0,,N,단설,주간,19880504,19880109,1132010600,서울특별시 도봉구 방학동,460-5번지.,132020,1362,서울특별시 도봉구 방학로 247-21,(방학동),37.6612199123266,127.025722225084,02-956-2802,02-3491-9163,http://seoulsinhak.sen.es.kr,남녀공학,both,127.0253380,37.6611070
서울특별시교육청,서울특별시북부교육지원청,서울특별시 도봉구,S010001764,서울신화초등학교,2,공립,N,,28.0,33.0,18.0,31.0,30.0,31.0,27.0,34.0,30.0,34.0,38.0,26.0,7.0,2.0,0.0,0.0,178.0,191.0,369.0,,N,단설,주간,19841030,19840730,1132010700,서울특별시 도봉구 창동,504-33번지(우이천길 157).,132916,1482,서울특별시 도봉구 우이천로 120,", 신화초등학교 (창동)",37.6331950433727,127.040884514143,02-992-9031,02-991-3484,http://sinhwa.sen.es.kr,남녀공학,both,127.0410134,37.6326376
서울특별시교육청,서울특별시북부교육지원청,서울특별시 도봉구,S010001765,서울쌍문초등학교,2,공립,N,,60.0,48.0,51.0,44.0,47.0,53.0,49.0,52.0,54.0,58.0,46.0,48.0,7.0,3.0,0.0,0.0,314.0,306.0,620.0,,N,단설,주간,19740430,19740430,1132010500,서울특별시 도봉구 쌍문동,360-4번지(덕성로 80).,132882,1378,서울특별시 도봉구 우이천로 360,", 서울쌍문초등학교 (쌍문동,쌍문초등학교)",37.6489,127.024422,02-992-5672,02-998-9510,http://ssangmun.sen.es.kr,남녀공학,both,127.0246907,37.6485893
서울특별시교육청,서울특별시북부교육지원청,서울특별시 노원구,S010001766,서울연지초등학교,2,공립,N,,26.0,22.0,26.0,21.0,21.0,26.0,28.0,24.0,15.0,25.0,27.0,19.0,7.0,2.0,0.0,0.0,150.0,139.0,289.0,,N,단설,주간,19980612,19980301,1135010200,서울특별시 노원구 월계동,320-8 (사슴길 24 ).,139842,1864,서울특별시 노원구 월계로55길 48,(월계동),37.6331907097723,127.05953676596,02-979-8092,02-979-8094,http://seoulyeonji.sen.es.kr,남녀공학,both,127.0600643,37.6338297
서울특별시교육청,서울특별시북부교육지원청,서울특별시 노원구,S010001767,서울연촌초등학교,2,공립,N,,35.0,37.0,42.0,36.0,51.0,39.0,55.0,34.0,68.0,53.0,57.0,52.0,0.0,2.0,0.0,0.0,308.0,253.0,561.0,,N,단설,주간,19451110,19451110,1135010400,서울특별시 노원구 하계동,152번지.,139231,1810,서울특별시 노원구 공릉로58길 36,", 서울연촌초등학교 (하계동)",37.6344159971552,127.072512057624,02-972-1676,02-949-3465,http://yeonchon.sen.es.kr,남녀공학,both,127.0728015,37.6349200
서울특별시교육청,서울특별시북부교육지원청,서울특별시 도봉구,S010001768,서울오봉초등학교,2,공립,N,,21.0,34.0,32.0,34.0,18.0,20.0,27.0,26.0,35.0,22.0,26.0,19.0,2.0,0.0,0.0,0.0,161.0,155.0,316.0,,N,단설,주간,20000301,20000301,1132000000,서울특별시 도봉구,608-22번지.,132820,1310,서울특별시 도봉구 시루봉로 285,", 서울오봉초등학교 (도봉동)",37.672244,127.040476,02-3492-8613,02-3493-9358,https://obong.sen.es.kr,남녀공학,both,127.0401874,37.6718422
서울특별시교육청,서울특별시북부교육지원청,서울특별시 노원구,S010001769,서울온곡초등학교,2,공립,N,,46.0,44.0,48.0,45.0,42.0,37.0,37.0,59.0,64.0,53.0,58.0,74.0,0.0,0.0,0.0,0.0,295.0,312.0,607.0,,N,단설,주간,19881010,19880209,1135010500,서울특별시 노원구 상계동,638번지(온곡길93).,01671,1671,서울특별시 노원구 한글비석로52길 59,"(상계동,온곡초등학교)",37.6675399994369,127.065911420119,02-937-7136,02-951-1397,http://ongok.sen.es.kr,남녀공학,both,127.0659013,37.6676785
서울특별시교육청,서울특별시북부교육지원청,서울특별시 노원구,S010001770,서울용동초등학교,2,공립,N,,23.0,21.0,17.0,13.0,22.0,16.0,22.0,33.0,27.0,26.0,39.0,30.0,7.0,2.0,0.0,0.0,157.0,141.0,298.0,,N,단설,주간,19920423,19910325,1135010600,서울특별시 노원구 중계동,510-1번지(소방서길 41-1).,01789,1789,서울특별시 노원구 한글비석로1길 81-11,"(중계동,용동초등학교)",37.6410853427443,127.069083188828,02-949-0025,02-949-0356,http://yongdong.sen.es.kr,남녀공학,both,127.0692484,37.6418574
서울특별시교육청,서울특별시북부교육지원청,서울특별시 노원구,S010001771,서울용원초등학교,2,공립,N,,48.0,32.0,51.0,39.0,50.0,56.0,58.0,55.0,49.0,50.0,65.0,37.0,7.0,2.0,0.0,0.0,328.0,271.0,599.0,,N,단설,주간,19960506,19950625,1135010300,서울특별시 노원구 공릉동,709번지 (섬밭길 144).,139805,1851,서울특별시 노원구 섬밭로 144,", 용원초등학교 (공릉동, 서울용원초등학교)",37.6299240206827,127.068941444319,02-948-5302,02-948-5304,http://yong1.sen.es.kr,남녀공학,both,127.0686858,37.6297383
서울특별시교육청,서울특별시북부교육지원청,서울특별시 노원구,S010001772,서울원광초등학교,2,공립,N,,46.0,48.0,41.0,46.0,76.0,46.0,68.0,48.0,73.0,72.0,83.0,84.0,0.0,0.0,0.0,0.0,387.0,344.0,731.0,,N,단설,주간,19920701,19911030,1135010600,서울특별시 노원구 중계동,359번지.,139860,1713,서울특별시 노원구 덕릉로76길 18,"(중계동,원광초등학교)",37.654311822548,127.074915720934,02-951-3358,02-931-9108,http://wonkwang.sen.es.kr,남녀공학,both,127.0749149,37.6544422
서울특별시교육청,서울특별시북부교육지원청,서울특별시 노원구,S010001773,서울월계초등학교,2,공립,N,,21.0,36.0,30.0,24.0,15.0,21.0,28.0,20.0,25.0,24.0,18.0,24.0,0.0,0.0,0.0,0.0,137.0,149.0,286.0,,N,단설,주간,19930506,19920715,1135010200,서울특별시 노원구 월계동,561.,01882,1882,서울특별시 노원구 월계로45가길 10,"(월계동,월계초등학교)",37.6276197545384,127.050188765968,02-999-2381,02-999-2384,http://wolgye.sen.es.kr,남녀공학,both,127.0506746,37.6278400
서울특별시교육청,서울특별시북부교육지원청,서울특별시 도봉구,S010001774,서울월천초등학교,2,공립,N,,24.0,37.0,25.0,24.0,32.0,21.0,34.0,34.0,42.0,30.0,35.0,21.0,8.0,2.0,0.0,0.0,200.0,169.0,369.0,,N,단설,주간,19890511,19880928,1132010700,서울특별시 도봉구 창동,29번지.,132901,1420,서울특별시 도봉구 노해로70길 96,"(창동,서울월천초등학교)",37.6480462095984,127.051752639384,02-993-9448,02-990-8754,http://wol.sen.es.kr,남녀공학,both,127.0517495,37.6481697
서울특별시교육청,서울특별시북부교육지원청,서울특별시 노원구,S010001775,서울을지초등학교,2,공립,N,,111.0,79.0,119.0,89.0,125.0,91.0,162.0,136.0,150.0,148.0,166.0,155.0,0.0,0.0,0.0,0.0,833.0,698.0,1531.0,,N,단설,주간,19940422,19940105,1135010600,서울특별시 노원구 중계동,360번지(무수동길 239번지).,139860,1741,서울특별시 노원구 중계로 239,(중계동),37.6505901078185,127.073089835867,02-2092-2499,02-939-4112,http://eulji.sen.es.kr,남녀공학,both,127.0733083,37.6506333
서울특별시교육청,서울특별시북부교육지원청,서울특별시 도봉구,S010001776,서울자운초등학교,2,공립,N,,43.0,62.0,64.0,59.0,44.0,40.0,63.0,64.0,56.0,78.0,64.0,68.0,0.0,0.0,0.0,0.0,334.0,371.0,705.0,,N,단설,주간,19970611,19970105,1132010700,서울특별시 도봉구 창동,181-19.,132905,1411,서울특별시 도봉구 마들로13길 166,", 서울자운초등학교 (창동)",37.6580095888534,127.046682422055,02-908-0385,02-908-0382,http://jawoon.sen.es.kr,남녀공학,both,127.0464372,37.6578770
서울특별시교육청,서울특별시북부교육지원청,서울특별시 노원구,S010001777,서울중계초등학교,2,공립,N,,67.0,69.0,71.0,69.0,68.0,71.0,88.0,73.0,72.0,91.0,70.0,71.0,4.0,0.0,0.0,0.0,440.0,444.0,884.0,,N,단설,주간,19751002,19751002,1135010600,서울특별시 노원구 중계동,449-2번지.,139224,1699,서울특별시 노원구 한글비석로19길 39,", 서울중계초등학교 (중계동)",37.6578410770739,127.073310001148,02-930-6004,02-934-8850,http://jg.sen.es.kr,남녀공학,both,127.0733248,37.6577525
서울특별시교육청,서울특별시북부교육지원청,서울특별시 노원구,S010001778,서울중원초등학교,2,공립,N,,39.0,46.0,32.0,18.0,34.0,37.0,33.0,39.0,33.0,43.0,38.0,33.0,0.0,0.0,0.0,0.0,209.0,216.0,425.0,,N,단설,주간,19901114,19900407,1135010600,서울특별시 노원구 중계동,502번지.,139220,1777,서울특별시 노원구 섬밭로 316,(중계동),37.6439828328354,127.062767844461,02-971-4771,02-971-4775,http://jungwon.sen.es.kr,남녀공학,both,127.0629219,37.6439068
서울특별시교육청,서울특별시북부교육지원청,서울특별시 노원구,S010001779,서울중평초등학교,2,공립,N,,93.0,100.0,99.0,124.0,123.0,98.0,122.0,122.0,122.0,131.0,140.0,144.0,4.0,2.0,0.0,0.0,703.0,721.0,1424.0,,N,단설,주간,19880425,19880425,1135010400,서울특별시 노원구 하계동,271.,139232,1776,서울특별시 노원구 섬밭로 241,", 서울중평초등학교 (하계동)",37.6375347460295,127.063963375649,02-979-2388,02-979-6331,http://jungpyong.sen.es.kr,남녀공학,both,127.0639906,37.6376639
서울특별시교육청,서울특별시북부교육지원청,서울특별시 노원구,S010001780,서울중현초등학교,2,공립,N,,18.0,10.0,7.0,3.0,8.0,16.0,16.0,9.0,11.0,19.0,7.0,9.0,4.0,2.0,0.0,0.0,71.0,68.0,139.0,,N,단설,주간,19900427,19891018,1135010400,서울특별시 노원구 하계동,272-2.,139230,1862,서울특별시 노원구 섬밭로 181,", 서울중현초등학교 (하계동,중현초등학교)",37.6324103,127.066432,02-979-8433,02-971-0334,http://joonghyun.sen.es.kr,남녀공학,both,127.0664101,37.6324541
서울특별시교육청,서울특별시북부교육지원청,서울특별시 도봉구,S010001781,서울창경초등학교,2,공립,N,,64.0,68.0,77.0,71.0,69.0,65.0,95.0,69.0,82.0,67.0,94.0,67.0,0.0,0.0,0.0,0.0,481.0,407.0,888.0,,N,단설,주간,19451101,19890901,1132010500,서울특별시 도봉구 쌍문동,69-3번지.,132032,1432,서울특별시 도봉구 도봉로129길 54,"(쌍문동,창경초등학교)",37.656552,127.034969,02-995-5265,02-998-1626,http://changkyung.sen.es.kr,남녀공학,both,127.0346816,37.6565018
서울특별시교육청,서울특별시북부교육지원청,서울특별시 도봉구,S010001782,서울창도초등학교,2,공립,N,,69.0,48.0,54.0,69.0,65.0,64.0,70.0,62.0,79.0,59.0,66.0,74.0,1.0,0.0,0.0,0.0,404.0,376.0,780.0,,N,단설,주간,19821007,19821007,1132010600,서울특별시 도봉구 방학동,722(방학로 88-1).,01338,1338,서울특별시 도봉구 방학로 32-28,"(방학동, 서울창도초등학교)",37.664135411409,127.048785280892,02-3492-0008,02-3492-9348,http://changdo.sen.es.kr,남녀공학,both,127.0492742,37.6640015
서울특별시교육청,서울특별시북부교육지원청,서울특별시 도봉구,S010001783,서울창동초등학교,2,공립,N,,36.0,27.0,40.0,28.0,32.0,32.0,37.0,23.0,33.0,39.0,32.0,34.0,4.0,0.0,0.0,0.0,214.0,183.0,397.0,,N,단설,주간,19300401,19300401,1132010700,서울특별시 도봉구 창동,266번지.,132040,1400,서울특별시 도봉구 해등로16길 81,(창동),37.6553614195775,127.044831302956,02-900-9575,02-900-9576,changdong-s.sen.es.kr,남녀공학,both,127.0448962,37.6553492
서울특별시교육청,서울특별시북부교육지원청,서울특별시 도봉구,S010001784,서울창림초등학교,2,공립,N,,78.0,63.0,75.0,65.0,72.0,65.0,89.0,85.0,86.0,76.0,85.0,83.0,9.0,4.0,0.0,0.0,494.0,441.0,935.0,,N,단설,주간,20001101,19970604,1132010700,서울특별시 도봉구 창동,412-4번지.,132042,1486,서울특별시 도봉구 덕릉로63길 46,(창동),37.643235367041,127.041606112724,02-992-8633,02-993-4791,http://changlim.sen.es.kr,남녀공학,both,127.0411750,37.6433821
서울특별시교육청,서울특별시북부교육지원청,서울특별시 도봉구,S010001785,서울창원초등학교,2,공립,N,,18.0,20.0,29.0,21.0,24.0,29.0,36.0,32.0,17.0,27.0,31.0,29.0,2.0,4.0,0.0,0.0,157.0,162.0,319.0,,N,단설,주간,19901130,19900716,1132010700,서울특별시 도봉구 창동,308번지.,01427,1427,서울특별시 도봉구 해등로 103,"(창동,서울창원초등학교)",37.652516,127.04056,02-991-9167,02-908-4937,http://changwon.sen.es.kr,남녀공학,both,127.0406629,37.6524941
서울특별시교육청,서울특별시북부교육지원청,서울특별시 도봉구,S010001786,서울창일초등학교,2,공립,N,,68.0,49.0,67.0,70.0,77.0,83.0,83.0,74.0,74.0,77.0,75.0,73.0,0.0,0.0,0.0,0.0,444.0,426.0,870.0,,N,단설,주간,19901109,19900716,1132010700,서울특별시 도봉구 창동,초안산길 233(371번지).,132911,1424,서울특별시 도봉구 노해로66길 84,", 창일초등학교 (창동)",37.6476587221531,127.047627773017,02-996-9167,02-990-7224,http://changil.sen.es.kr,남녀공학,both,127.0473874,37.6479304
서울특별시교육청,서울특별시북부교육지원청,서울특별시 노원구,S010001787,서울청계초등학교,2,공립,N,,18.0,21.0,22.0,23.0,21.0,18.0,34.0,19.0,23.0,27.0,29.0,27.0,7.0,3.0,0.0,0.0,154.0,138.0,292.0,,N,단설,주간,19920506,18950901,1135010600,서울특별시 노원구 중계동,513-1번지.,139865,1781,서울특별시 노원구 공릉로 431,", 서울청계초등학교 (중계동)",37.6450333392396,127.066140807903,02-949-2824,02-977-9828,http://scg.sen.es.kr,남녀공학,both,127.0661161,37.6450825
서울특별시교육청,서울특별시북부교육지원청,서울특별시 도봉구,S010001788,서울초당초등학교,2,공립,N,,79.0,55.0,84.0,61.0,72.0,74.0,75.0,60.0,109.0,68.0,94.0,79.0,0.0,0.0,0.0,0.0,513.0,397.0,910.0,,N,단설,주간,19931028,19930720,1132010600,서울특별시 도봉구 방학동,514-2.,132020,1364,서울특별시 도봉구 해등로32길 11,(방학동),37.658421,127.022382,02-956-1561,02-956-1563,http://chodang.sen.es.kr,남녀공학,both,127.0221770,37.6584515
서울특별시교육청,서울특별시북부교육지원청,서울특별시 노원구,S010001789,서울태랑초등학교,2,공립,N,,67.0,59.0,73.0,79.0,83.0,73.0,76.0,82.0,81.0,65.0,85.0,93.0,2.0,3.0,0.0,0.0,467.0,454.0,921.0,,N,단설,주간,20011021,20010611,1135010300,서울특별시 노원구 공릉동,116번지.,139242,1801,서울특별시 노원구 화랑로51나길 31,", 서울태랑초등학교 (공릉동)",37.6262513725014,127.090601833146,02-977-7384,02-978-8365,http://taerang.sen.es.kr,남녀공학,both,127.0907208,37.6263696
서울특별시교육청,서울특별시북부교육지원청,서울특별시 노원구,S010001790,서울태릉초등학교,2,공립,N,,86.0,77.0,76.0,59.0,69.0,67.0,83.0,53.0,70.0,72.0,64.0,89.0,4.0,2.0,0.0,0.0,452.0,419.0,871.0,,N,단설,주간,19860501,19860117,1135010300,서울특별시 노원구 공릉동,250-5번지.,139800,1823,서울특별시 노원구 노원로1길 36,", 서울태릉초등학교 (공릉동)",37.6231020430176,127.085061089211,02-976-1433,02-948-8759,http://taereung.sen.es.kr,남녀공학,both,127.0847632,37.6228574
서울특별시교육청,서울특별시북부교육지원청,서울특별시 노원구,S010001791,서울한천초등학교,2,공립,N,,77.0,59.0,68.0,67.0,71.0,68.0,72.0,81.0,87.0,57.0,63.0,59.0,0.0,0.0,0.0,0.0,438.0,391.0,829.0,,N,단설,주간,19840507,19831203,1135010200,서울특별시 노원구 월계동,3-7번지.,139053,1911,서울특별시 노원구 마들로 45,", 서울한천초등학교 (월계동)",37.620167,127.069042,02-975-5701,02-949-3157,http://hancheon.sen.es.kr,남녀공학,both,127.0689411,37.6205267
서울특별시교육청,서울특별시북부교육지원청,서울특별시 노원구,S010001792,청원초등학교,2,사립,N,,60.0,60.0,61.0,61.0,60.0,60.0,57.0,63.0,61.0,50.0,48.0,57.0,0.0,0.0,0.0,0.0,347.0,351.0,698.0,,N,단설,주간,19660510,19651205,1135010500,서울특별시 노원구 상계동,641번지.,01672,1672,서울특별시 노원구 한글비석로 506,", (상계동,청원초/중/고등학교) (상계동)",37.665317,127.061327,02-3399-7888,02-3399-7896,http://cheongwon.sen.es.kr,남녀공학,both,127.0630904,37.6667222
서울특별시교육청,서울특별시북부교육지원청,서울특별시 노원구,S010001793,태강삼육초등학교,2,사립,N,,64.0,65.0,64.0,64.0,61.0,67.0,61.0,67.0,57.0,71.0,56.0,72.0,0.0,0.0,0.0,0.0,363.0,406.0,769.0,,N,단설,주간,19491119,19491119,1135010300,서울특별시 노원구 공릉동,26-39(화랑로 815).,139742,1795,서울특별시 노원구 화랑로 815,", 태강삼육초등학교 (공릉동)",37.641795,127.110518,02-972-3671,02-977-7019,http://taegang.sen.es.kr,남녀공학,both,127.1042695,37.6429794
서울특별시교육청,서울특별시북부교육지원청,서울특별시 도봉구,S010001794,한신초등학교,2,사립,N,,56.0,56.0,56.0,58.0,63.0,49.0,55.0,40.0,17.0,29.0,40.0,45.0,0.0,0.0,0.0,0.0,287.0,277.0,564.0,,N,단설,주간,19690605,19690605,1132010500,서울특별시 도봉구 쌍문동,150-1번지.,01438,1438,서울특별시 도봉구 노해로49길 69,"(쌍문동,한신초등학교)",37.653226,127.032803,02-901-7500,02-906-5709,https://ihansin.sen.es.kr,남녀공학,both,127.0310388,37.6528605
서울특별시교육청,서울특별시북부교육지원청,서울특별시 노원구,S010001795,화랑초등학교,2,사립,N,,58.0,57.0,60.0,55.0,58.0,54.0,57.0,55.0,51.0,61.0,63.0,47.0,0.0,0.0,0.0,0.0,347.0,329.0,676.0,,N,부설,주간,19680520,19671214,1135010300,서울특별시 노원구 공릉동,126.,01797,1797,서울특별시 노원구 화랑로 621,"(공릉동,화랑초등학교)",37.6287825674414,127.0889917354,02-972-2261,02-978-0512,http://hwarang-s.sen.es.kr,남녀공학,both,127.0916212,37.6273816
서울특별시교육청,서울특별시서부교육지원청,서울특별시 서대문구,S010001966,경기초등학교,2,사립,N,,48.0,48.0,48.0,48.0,48.0,50.0,49.0,48.0,51.0,45.0,48.0,44.0,0.0,0.0,0.0,0.0,292.0,283.0,575.0,,N,단설,주간,19641203,19641203,1141010100,서울특별시 서대문구 충정로2가,70번지.,120012,3746,서울특별시 서대문구 경기대로9길 10,"(충정로2가,경기초등학교)",37.5651102007417,126.962860762144,02-363-2908,02-3146-9581,http://kyonggi.sen.es.kr,남녀공학,both,126.9627730,37.5652766
서울특별시교육청,서울특별시서부교육지원청,서울특별시 서대문구,S010001967,명지초등학교,2,사립,N,,60.0,62.0,60.0,60.0,61.0,60.0,61.0,59.0,58.0,46.0,50.0,48.0,0.0,0.0,0.0,0.0,350.0,335.0,685.0,,N,단설,주간,19670315,19670315,1141011800,서울특별시 서대문구 홍은동,산26-127번지.,120851,3656,서울특별시 서대문구 명지2길 32-20,(홍은동),37.5836294880719,126.928230112781,02-372-2872,02-375-6996,http://www.myongji.net,남녀공학,both,126.9282133,37.5834318
서울특별시교육청,서울특별시서부교육지원청,서울특별시 은평구,S010001968,서울갈현초등학교,2,공립,N,,100.0,76.0,81.0,72.0,99.0,78.0,84.0,115.0,105.0,97.0,113.0,100.0,3.0,0.0,0.0,0.0,585.0,538.0,1123.0,,N,단설,주간,19670313,19661202,1138010400,서울특별시 은평구 갈현동,451-15.,122812,3331,서울특별시 은평구 연서로29길 31,", 갈현초등학교 (갈현동)",37.619314,126.916511,02-355-0835,02-352-2802,http://galhyun.sen.es.kr,남녀공학,both,126.9164135,37.6193699
서울특별시교육청,서울특별시서부교육지원청,서울특별시 서대문구,S010001969,서울고은초등학교,2,공립,N,,42.0,49.0,42.0,40.0,44.0,36.0,38.0,45.0,35.0,33.0,44.0,50.0,4.0,4.0,0.0,0.0,249.0,257.0,506.0,,N,단설,주간,19711203,19711203,1141011100,서울특별시 서대문구 홍제동,320-3.,120859,3645,서울특별시 서대문구 모래내로 441,"(홍제동, 서울고은초등학교)",37.5850003126217,126.943975165372,02-396-2652,02-396-2624,http://goeun.sen.es.kr,남녀공학,both,126.9433368,37.5848819
서울특별시교육청,서울특별시서부교육지원청,서울특별시 마포구,S010001970,서울공덕초등학교,2,공립,N,,71.0,64.0,67.0,67.0,56.0,54.0,69.0,55.0,44.0,50.0,54.0,55.0,7.0,0.0,0.0,0.0,368.0,345.0,713.0,,N,단설,주간,19440411,19440411,1144010200,서울특별시 마포구 공덕동,256-4.,04214,4214,서울 마포구 만리재옛길 13,", 공덕초등학교 (공덕동,공덕초등학교)",37.5458044265006,126.954822490092,02-703-6069,02-703-6068,http://kongduck.sen.es.kr,남녀공학,both,126.9535750,37.5459333
서울특별시교육청,서울특별시서부교육지원청,서울특별시 은평구,S010001971,서울구산초등학교,2,공립,N,,72.0,78.0,75.0,81.0,66.0,70.0,72.0,87.0,91.0,81.0,101.0,95.0,10.0,3.0,0.0,0.0,487.0,495.0,982.0,,N,단설,주간,19771129,19771129,1138010500,서울특별시 은평구 구산동,152-3.,122821,3426,서울특별시 은평구 서오릉로15길 16,"(구산동, 구산초등학교)",37.612300253329,126.909102498711,02-387-7487,02-356-9686,http://gusan.sen.es.kr,남녀공학,both,126.9094269,37.6120371
서울특별시교육청,서울특별시서부교육지원청,서울특별시 서대문구,S010001972,서울금화초등학교,2,공립,N,,34.0,31.0,33.0,38.0,35.0,51.0,31.0,41.0,39.0,42.0,42.0,38.0,6.0,4.0,0.0,0.0,220.0,245.0,465.0,,N,단설,주간,19240401,19240324,1141010600,서울특별시 서대문구 천연동,13번지.,120040,3735,서울특별시 서대문구 통일로 165,"(천연동,서울금화초등학교)",37.5682696,126.9633164,02-364-9264,02-392-4318,http://geumhwa.sen.es.kr,남녀공학,both,126.9632938,37.5682691
서울특별시교육청,서울특별시서부교육지원청,서울특별시 은평구,S010001973,서울녹번초등학교,2,공립,N,,76.0,71.0,56.0,57.0,72.0,52.0,70.0,66.0,60.0,74.0,64.0,69.0,0.0,0.0,0.0,0.0,398.0,389.0,787.0,,N,단설,주간,19820924,19820924,1138010200,서울특별시 은평구 녹번동,175.,122834,3380,서울특별시 은평구 녹번로1길 1,"(녹번동, 서울녹번초등학교)",37.6045850144989,126.925745713952,02-386-0753,02-352-1194,http://nokbun.sen.es.kr,남녀공학,both,126.9262254,37.6043214
서울특별시교육청,서울특별시서부교육지원청,서울특별시 서대문구,S010001974,서울대신초등학교,2,공립,N,,13.0,16.0,12.0,15.0,18.0,17.0,17.0,13.0,12.0,14.0,15.0,16.0,4.0,2.0,0.0,0.0,91.0,93.0,184.0,,N,단설,주간,19650310,19650310,1141011200,서울특별시 서대문구 대현동,67-1.,03767,3767,서울특별시 서대문구 이화여대2길 27,"(대현동, 서울대신초등학교)",37.5577020191318,126.948038283728,02-363-1994,02-364-7340,http://sds.sen.es.kr,남녀공학,both,126.9481524,37.5579226
서울특별시교육청,서울특별시서부교육지원청,서울특별시 은평구,S010001975,서울대은초등학교,2,공립,N,,12.0,16.0,10.0,7.0,14.0,9.0,18.0,13.0,18.0,16.0,21.0,15.0,4.0,1.0,0.0,0.0,97.0,77.0,174.0,,N,단설,주간,19821008,19821008,1138010600,서울특별시 은평구 대조동,82-5.,122947,3391,서울특별시 은평구 통일로69길 12-15,", 서울대은초등학교 (대조동)",37.6121245969049,126.92591037213,02-388-0833,02-388-0837,https://daeeun.sen.es.kr,남녀공학,both,126.9261627,37.6120624
서울특별시교육청,서울특별시서부교육지원청,서울특별시 은평구,S010001976,서울대조초등학교,2,공립,N,,67.0,61.0,69.0,65.0,59.0,54.0,74.0,71.0,69.0,71.0,71.0,70.0,8.0,6.0,0.0,0.0,417.0,398.0,815.0,,N,단설,주간,19671124,19670915,1138010600,서울특별시 은평구 대조동,212-1번지.,122838,3388,서울특별시 은평구 연서로18길 17,(대조동),37.6132233,126.9195423,02-355-3784,02-356-7934,http://daejo.sen.es.kr,남녀공학,both,126.9196383,37.6131955
서울특별시교육청,서울특별시서부교육지원청,서울특별시 마포구,S010001977,서울동교초등학교,2,공립,N,,62.0,62.0,63.0,68.0,63.0,73.0,74.0,69.0,77.0,83.0,75.0,65.0,0.0,0.0,0.0,0.0,414.0,420.0,834.0,,N,단설,주간,19750418,19740901,1144012300,서울특별시 마포구 망원동,426-5.,121823,3959,서울특별시 마포구 월드컵로25길 86,", 동교초등학교 (망원동)",37.558429,126.902539,02-324-5091,02-324-5094,http://donggyo.sen.es.kr,남녀공학,both,126.9024416,37.5582015
서울특별시교육청,서울특별시서부교육지원청,서울특별시 마포구,S010001978,서울마포초등학교,2,공립,N,,74.0,60.0,61.0,67.0,62.0,54.0,77.0,50.0,47.0,61.0,76.0,58.0,3.0,2.0,0.0,0.0,400.0,352.0,752.0,,N,단설,주간,19110612,19100624,1144010400,서울특별시 마포구 도화동,347-5.,121040,4171,서울특별시 마포구 도화2길 64,", 서울 마포초등학교 (도화동)",37.5386016165467,126.949816647779,02-712-0852,02-712-5932,http://mapo.sen.es.kr,남녀공학,both,126.9496500,37.5387717
서울특별시교육청,서울특별시서부교육지원청,서울특별시 마포구,S010001979,서울망원초등학교,2,공립,N,,21.0,17.0,19.0,23.0,20.0,11.0,30.0,15.0,26.0,22.0,23.0,18.0,0.0,0.0,0.0,0.0,139.0,106.0,245.0,,N,단설,주간,19841026,19831231,1144012300,서울특별시 마포구 망원동,467-1.,121826,3955,서울특별시 마포구 방울내로5길 28,"(망원동, 망원초등학교)",37.5608901088536,126.900762393783,02-334-5188,02-324-8415,http://mangwon.sen.es.kr,남녀공학,both,126.9009750,37.5608500
서울특별시교육청,서울특별시서부교육지원청,서울특별시 서대문구,S010001980,서울미동초등학교,2,공립,N,,24.0,28.0,21.0,19.0,28.0,23.0,23.0,27.0,23.0,31.0,31.0,29.0,0.0,1.0,0.0,0.0,150.0,158.0,308.0,,N,단설,주간,18960501,18960501,1141010400,서울특별시 서대문구 미근동,36번지.,120020,3740,서울특별시 서대문구 충정로 52,"(미근동, 서울미동초등학교)",37.563267,126.965794,02-364-6524,02-364-2599,http://midong.sen.es.kr,남녀공학,both,126.9664260,37.5631724
서울특별시교육청,서울특별시서부교육지원청,서울특별시 서대문구,S010001981,서울북가좌초등학교,2,공립,N,,93.0,85.0,103.0,86.0,115.0,88.0,107.0,99.0,101.0,121.0,110.0,104.0,7.0,7.0,0.0,0.0,636.0,590.0,1226.0,,N,단설,주간,19690324,19681223,1141011900,서울특별시 서대문구 북가좌동,376-17.,120816,3714,서울특별시 서대문구 거북골로19길 20,"(북가좌동, 서울북가좌초등학교)",37.57785,126.907656,02-372-4024,02-302-0127,http://bukgajwa.sen.es.kr,남녀공학,both,126.9076380,37.5777080
서울특별시교육청,서울특별시서부교육지원청,서울특별시 서대문구,S010001982,서울북성초등학교,2,공립,N,,83.0,97.0,82.0,97.0,73.0,82.0,81.0,78.0,65.0,53.0,65.0,61.0,3.0,0.0,0.0,0.0,452.0,468.0,920.0,,N,단설,주간,19411101,19411101,1141011000,서울특별시 서대문구 북아현동,215번지.,120190,3769,서울특별시 서대문구 북아현로1나길 22,"(북아현동, 북성초등학교)",37.559631762826,126.951835253587,02-362-0669,02-362-1291,http://seoulbuksung.sen.es.kr,남녀공학,both,126.9517617,37.5593356
서울특별시교육청,서울특별시서부교육지원청,서울특별시 은평구,S010001983,서울북한산초등학교,2,공립,N,,5.0,7.0,12.0,7.0,10.0,7.0,15.0,8.0,19.0,7.0,9.0,7.0,2.0,1.0,0.0,0.0,72.0,44.0,116.0,,N,단설,주간,19670325,19661206,1138011400,서울특별시 은평구 진관동,산3.,122736,3307,서울특별시 은평구 대서문길 42-3,", 서울북한산초등학교 (진관동)",37.6536332557699,126.950464598403,02-359-9824,02-385-7844,http://bukhansan.sen.es.kr,남녀공학,both,126.9504717,37.6541423
서울특별시교육청,서울특별시서부교육지원청,서울특별시 은평구,S010001984,서울불광초등학교,2,공립,N,,59.0,65.0,58.0,51.0,72.0,56.0,66.0,54.0,64.0,51.0,66.0,60.0,10.0,1.0,0.0,0.0,395.0,338.0,733.0,,N,단설,주간,19620418,19620418,1138010300,서울특별시 은평구 불광동,272-2.,122858,3358,서울특별시 은평구 불광로 51,", 서울불광초등학교 (불광동)",37.6134285463928,126.930720412004,02-355-1979,02-354-9616,http://bulgwang.sen.es.kr,남녀공학,both,126.9312122,37.6124208
서울특별시교육청,서울특별시서부교육지원청,서울특별시 은평구,S010001985,서울상신초등학교,2,공립,N,,54.0,58.0,55.0,35.0,42.0,64.0,45.0,55.0,58.0,46.0,42.0,45.0,7.0,1.0,0.0,0.0,303.0,304.0,607.0,,N,단설,주간,19821111,19820707,1138010900,서울특별시 은평구 신사동,산55번지 .,122080,3439,서울특별시 은평구 가좌로 361,(신사동),37.5979534280451,126.905201931143,02-303-4245,02-309-3851,http://sangsin.sen.es.kr,남녀공학,both,126.9049652,37.5979048
서울특별시교육청,서울특별시서부교육지원청,서울특별시 마포구,S010001986,서울상암초등학교,2,공립,N,,48.0,40.0,42.0,25.0,43.0,34.0,56.0,53.0,40.0,52.0,45.0,50.0,2.0,1.0,0.0,0.0,276.0,255.0,531.0,,N,단설,주간,19720710,19720710,1144012700,서울특별시 마포구 상암동,1635.,121831,3912,서울특별시 마포구 월드컵북로 353,"(상암동,상암초등학교)",37.5763366011406,126.892342093715,02-375-8891,02-375-8894,http://sangam.sen.es.kr/,남녀공학,both,126.8923125,37.5765833
서울특별시교육청,서울특별시서부교육지원청,서울특별시 마포구,S010001987,서울서강초등학교,2,공립,N,,104.0,93.0,78.0,97.0,71.0,83.0,104.0,85.0,81.0,59.0,75.0,88.0,3.0,1.0,0.0,0.0,516.0,506.0,1022.0,,N,단설,주간,19380607,19370401,1144011500,서울특별시 마포구 상수동,독막길 222.,04067,4067,서울특별시 마포구 독막로 113,"(상수동,서강초등학교)",37.5486952599935,126.926896610572,02-334-2410,02-338-5642,http://seogang.sen.es.kr,남녀공학,both,126.9268145,37.5484283
서울특별시교육청,서울특별시서부교육지원청,서울특별시 마포구,S010001988,서울서교초등학교,2,공립,N,,24.0,30.0,41.0,33.0,34.0,26.0,45.0,40.0,42.0,32.0,53.0,41.0,0.0,0.0,0.0,0.0,239.0,202.0,441.0,,N,단설,주간,19620712,19620712,1144012000,서울특별시 마포구 서교동,341번지.,04054,4054,서울특별시 마포구 와우산로23길 20-27,(서교동),37.554941,126.924899,02 3143-0673,02-323-1465,http://seokyo.sen.es.kr,남녀공학,both,126.9248644,37.5551107
서울특별시교육청,서울특별시서부교육지원청,서울특별시 마포구,S010001989,서울성산초등학교,2,공립,N,,62.0,66.0,63.0,53.0,39.0,59.0,52.0,58.0,62.0,45.0,61.0,57.0,5.0,4.0,0.0,0.0,344.0,342.0,686.0,,N,단설,주간,19690301,19690301,1144012200,서울특별시 마포구 합정동,427-2번지.,121886,4023,서울특별시 마포구 양화로3길 94,", 서울성산초등학교 (합정동)",37.55355,126.91116,02-334-1951,02-337-9143,http://ssc.sen.es.kr,남녀공학,both,126.9114533,37.5532107
서울특별시교육청,서울특별시서부교육지원청,서울특별시 마포구,S010001990,서울성서초등학교,2,공립,N,,45.0,40.0,40.0,41.0,32.0,32.0,38.0,50.0,47.0,62.0,42.0,50.0,5.0,1.0,0.0,0.0,249.0,276.0,525.0,,N,단설,주간,19840523,19831203,1144012500,서울특별시 마포구 성산동,산23-2(등마루1길 10).,121846,3968,서울특별시 마포구 성미산로7길 24,(성산동),37.5606247065267,126.911451573617,02-3141-9544,02-3141-9549,http://sseo.sen.es.kr,남녀공학,both,126.9112531,37.5606847
서울특별시교육청,서울특별시서부교육지원청,서울특별시 마포구,S010001991,서울성원초등학교,2,공립,N,,29.0,30.0,30.0,22.0,19.0,24.0,26.0,38.0,41.0,41.0,41.0,35.0,0.0,0.0,0.0,0.0,186.0,190.0,376.0,,N,단설,주간,19861021,19861022,1144012500,서울특별시 마포구 성산동,177번지.,121845,3939,서울특별시 마포구 월드컵로36길 34,(성산동),37.5669771899602,126.905087261259,02-305-7201,02-309-3887,http://sungwon.sen.es.kr,남녀공학,both,126.9052237,37.5672382
서울특별시교육청,서울특별시서부교육지원청,서울특별시 마포구,S010001992,서울소의초등학교,2,공립,N,,40.0,47.0,41.0,34.0,40.0,33.0,36.0,45.0,32.0,34.0,33.0,38.0,4.0,1.0,0.0,0.0,226.0,232.0,458.0,,N,단설,주간,19451101,19330501,1144010100,서울특별시 마포구 아현동,386-1.,121860,4202,서울특별시 마포구 마포대로24길 42,"(아현동,소의초등학교)",37.5527802434975,126.960657816394,02-362-6571,02-393-9391,http://soeui.sen.es.kr,남녀공학,both,126.9606344,37.5524137
서울특별시교육청,서울특별시서부교육지원청,서울특별시 은평구,S010001993,서울수색초등학교,2,공립,N,,29.0,24.0,30.0,21.0,18.0,13.0,20.0,16.0,18.0,19.0,12.0,23.0,1.0,0.0,0.0,0.0,128.0,116.0,244.0,,N,단설,주간,19350401,19350401,1138010100,서울특별시 은평구 수색동,129번지(수색초교길 39-1).,122874,3489,서울특별시 은평구 수색로16길 21,(수색동),37.585173229446,126.89601122797,02-372-8286,02-309-1149,http://susaek.sen.es.kr,남녀공학,both,126.8956165,37.5849644
서울특별시교육청,서울특별시서부교육지원청,서울특별시 은평구,S010001994,서울신도초등학교,2,공립,N,,79.0,62.0,79.0,63.0,79.0,76.0,98.0,80.0,110.0,119.0,97.0,108.0,4.0,2.0,0.0,0.0,546.0,510.0,1056.0,,N,병설,주간,19281201,19281201,1138011400,서울특별시 은평구 진관동,108 서울신도초등학교.,122200,3310,서울특별시 은평구 진관1로 77-23,", 서울신도초등학교 (진관동)",37.6329394193873,126.929197801702,02-352-3692,02-352-2788,http://sindo.sen.es.kr,남녀공학,both,126.9293180,37.6329496
서울특별시교육청,서울특별시서부교육지원청,서울특별시 마포구,S010001995,서울신북초등학교,2,공립,N,,47.0,61.0,50.0,63.0,58.0,81.0,72.0,66.0,67.0,67.0,78.0,78.0,2.0,3.0,0.0,0.0,374.0,419.0,793.0,,N,단설,주간,19821111,19821101,1144012600,서울특별시 마포구 중동,42번지.,121877,3941,서울특별시 마포구 월드컵북로38길 26,", 서울신북초등학교 (중동)",37.5711039693486,126.905362753175,02-303-6884,02-309-5606,http://sinbuk.sen.es.kr,남녀공학,both,126.9049625,37.5711583
서울특별시교육청,서울특별시서부교육지원청,서울특별시 은평구,S010001996,서울신사초등학교,2,공립,N,,34.0,24.0,22.0,25.0,30.0,39.0,40.0,35.0,26.0,42.0,33.0,38.0,7.0,4.0,0.0,0.0,192.0,207.0,399.0,,N,단설,주간,19801024,19801024,1138010900,서울특별시 은평구 신사동,98-32번지.,122884,3442,서울특별시 은평구 가좌로 275-2,", 서울신사초등학교 (신사동)",37.592835,126.912358,02-373-9356,02-309-5424,http://shinsa.sen.es.kr,남녀공학,both,126.9120021,37.5928556
서울특별시교육청,서울특별시서부교육지원청,서울특별시 마포구,S010001997,서울신석초등학교,2,공립,N,,58.0,62.0,58.0,56.0,56.0,53.0,52.0,59.0,62.0,55.0,74.0,54.0,4.0,3.0,0.0,0.0,364.0,342.0,706.0,,N,단설,주간,19640310,19640310,1144011100,서울특별시 마포구 신수동,445-1.,121856,4090,서울특별시 마포구 대흥로 33,", 서울신석초등학교 (신수동)",37.543916,126.93782,02-715-3669,02-715-0117,http://sinseok.sen.es.kr,남녀공학,both,126.9379885,37.5443374
서울특별시교육청,서울특별시서부교육지원청,서울특별시 마포구,S010001998,서울아현초등학교,2,공립,N,,59.0,64.0,55.0,42.0,38.0,48.0,56.0,45.0,40.0,43.0,44.0,45.0,5.0,1.0,0.0,0.0,297.0,288.0,585.0,,N,단설,주간,19250402,19250402,1144010100,서울특별시 마포구 아현동,267-2.,121859,4117,서울특별시 마포구 굴레방로 6,(아현동),37.5558312701381,126.956242429115,02-313-5845,02-364-6278,http://ahyun.sen.es.kr,남녀공학,both,126.9559819,37.5556945
서울특별시교육청,서울특별시서부교육지원청,서울특별시 서대문구,S010001999,서울안산초등학교,2,공립,N,,52.0,39.0,57.0,53.0,45.0,52.0,49.0,42.0,58.0,63.0,66.0,62.0,5.0,2.0,0.0,0.0,332.0,313.0,645.0,,N,단설,주간,19371130,19360619,1141011100,서울특별시 서대문구 홍제동,44.,120853,3731,서울특별시 서대문구 통일로 321,(홍제동),37.5791691008497,126.952212110993,02-737-4265,02-725-0136,http://ansan.sen.es.kr,남녀공학,both,126.9519861,37.5796078
서울특별시교육청,서울특별시서부교육지원청,서울특별시 은평구,S010002000,서울역촌초등학교,2,공립,N,,94.0,110.0,106.0,105.0,108.0,106.0,152.0,138.0,128.0,128.0,143.0,130.0,0.0,0.0,0.0,0.0,731.0,717.0,1448.0,,N,단설,주간,19730316,19721201,1138010800,서울특별시 은평구 역촌동,82-1.,122903,3420,서울특별시 은평구 은평로3길 25,", 서울역촌초등학교 (역촌동,서울역촌초등학교)",37.6015856989816,126.913926106544,02-352-2245,02-354-9368,http://yeokchon.sen.es.kr,남녀공학,both,126.9141892,37.6021298
서울특별시교육청,서울특별시서부교육지원청,서울특별시 서대문구,S010002001,서울연가초등학교,2,공립,N,,171.0,134.0,122.0,124.0,114.0,116.0,151.0,122.0,110.0,126.0,128.0,120.0,6.0,5.0,0.0,0.0,802.0,747.0,1549.0,,N,단설,주간,19730907,19721130,1141012000,서울특별시 서대문구 남가좌동,364-6.,120807,3670,서울특별시 서대문구 증가로12가길 49-50,", 연가초등학교 (남가좌동)",37.5795642829763,126.917329644604,02-372-3044,02-309-0589,http://yeonga.sen.es.kr,남녀공학,both,126.9178394,37.5799405
서울특별시교육청,서울특별시서부교육지원청,서울특별시 은평구,S010002002,서울연신초등학교,2,공립,N,,19.0,22.0,16.0,19.0,21.0,19.0,30.0,21.0,25.0,23.0,15.0,21.0,8.0,2.0,0.0,0.0,134.0,127.0,261.0,,N,단설,주간,19760318,19760318,1138010300,서울특별시 은평구 불광동,73-1.,03338,3338,서울특별시 은평구 연서로 347,(불광동),37.6266794,126.9285544,02-387-0373,02-388-1658,http://yeonsin.sen.es.kr,남녀공학,both,126.9285544,37.6266794
서울특별시교육청,서울특별시서부교육지원청,서울특별시 은평구,S010002003,서울연은초등학교,2,공립,N,,68.0,74.0,69.0,68.0,81.0,73.0,73.0,71.0,58.0,59.0,61.0,52.0,4.0,5.0,0.0,0.0,414.0,402.0,816.0,,N,병설,주간,19831020,19831020,1138010700,서울특별시 은평구 응암동,242-424.,122010,3476,서울특별시 은평구 백련산로2길 35,", 서울연은초등학교 (응암동)",37.590331,126.925224,02-372-6999,02-376-1076,http://yeoneun.sen.es.kr,남녀공학,both,126.9250440,37.5904503
서울특별시교육청,서울특별시서부교육지원청,서울특별시 은평구,S010002004,서울연천초등학교,2,공립,N,,15.0,22.0,20.0,14.0,24.0,19.0,20.0,20.0,27.0,20.0,27.0,22.0,6.0,1.0,0.0,0.0,139.0,118.0,257.0,,N,단설,주간,19850506,19841205,1138010300,서울특별시 은평구 불광동,346-153번지.,122862,3348,서울특별시 은평구 연서로34길 22,", 연천초등학교 (불광동)",37.6213495603068,126.929920150049,02-357-3911,02-357-3916,http://yc1985.sen.es.kr,남녀공학,both,126.9294872,37.6207700
서울특별시교육청,서울특별시서부교육지원청,서울특별시 서대문구,S010002005,서울연희초등학교,2,공립,N,,59.0,57.0,56.0,72.0,53.0,65.0,61.0,50.0,55.0,56.0,67.0,62.0,10.0,1.0,0.0,0.0,361.0,363.0,724.0,,N,단설,주간,19681207,19681207,1141011700,서울특별시 서대문구 연희동,88-1.,120829,3723,서울 서대문구 연희로 136,", 서울연희초등학교 (연희동,서울연희초등학교)",37.569167,126.9339564,02-338-9919,02-326-0560,http://yeonhui.sen.es.kr,남녀공학,both,126.9338757,37.5694755
서울특별시교육청,서울특별시서부교육지원청,서울특별시 마포구,S010002006,서울염리초등학교,2,공립,N,,127.0,140.0,113.0,113.0,115.0,121.0,133.0,131.0,100.0,126.0,110.0,111.0,4.0,2.0,0.0,0.0,702.0,744.0,1446.0,,N,단설,주간,19831122,19830803,1144010900,서울특별시 마포구 염리동,173-4.,121874,4155,서울특별시 마포구 토정로37길 37,", 서울염리초등학교 (염리동)",37.542562,126.945821,02-715-4916,02-701-1163,https://yeomri.sen.es.kr,남녀공학,both,126.9459627,37.5427878
서울특별시교육청,서울특별시서부교육지원청,서울특별시 마포구,S010002007,서울용강초등학교,2,공립,N,,31.0,55.0,51.0,49.0,36.0,41.0,43.0,58.0,33.0,37.0,46.0,38.0,5.0,3.0,0.0,0.0,245.0,281.0,526.0,,N,단설,주간,19160426,19160426,1144010800,서울특별시 마포구 대흥동,51.,121809,4136,서울특별시 마포구 백범로17길 9,(대흥동),37.5491010696892,126.944042784777,02-715-1749,02-717-1670,http://yonggang.sen.es.kr,남녀공학,both,126.9437628,37.5487286
서울특별시교육청,서울특별시서부교육지원청,서울특별시 은평구,S010002008,서울은평초등학교,2,공립,N,,99.0,107.0,87.0,87.0,66.0,65.0,77.0,76.0,54.0,63.0,68.0,72.0,10.0,2.0,0.0,0.0,461.0,472.0,933.0,,N,단설,주간,19310401,19310401,1138010200,서울특별시 은평구 녹번동,40-3.,122827,3382,서울특별시 은평구 은평로 239,(녹번동),37.601936,126.934486,02-355-2578,02-384-0406,http://eunpyeong.sen.es.kr,남녀공학,both,126.9344622,37.6020551
서울특별시교육청,서울특별시서부교육지원청,서울특별시 은평구,S010002009,서울응암초등학교,2,공립,N,,65.0,53.0,62.0,50.0,55.0,53.0,77.0,70.0,70.0,63.0,62.0,64.0,14.0,3.0,0.0,0.0,405.0,356.0,761.0,,N,단설,주간,19621112,19621112,1138010700,서울특별시 은평구 응암동,산7-40번지.,122929,3470,서울특별시 은평구 가좌로6길 20,", 서울응암초등학교 (응암동)",37.5886167942086,126.921635714442,02-309-5555,02-309-5554,http://eungam.sen.es.kr,남녀공학,both,126.9217638,37.5884311
서울특별시교육청,서울특별시서부교육지원청,서울특별시 서대문구,S010002010,서울인왕초등학교,2,공립,N,,52.0,45.0,43.0,53.0,35.0,33.0,29.0,39.0,39.0,46.0,48.0,31.0,1.0,1.0,0.0,0.0,247.0,248.0,495.0,,N,병설,주간,19621112,19621112,1141011100,서울특별시 서대문구 홍제동,245-1.,120857,3629,서울특별시 서대문구 세무서길 33-9,"(홍제동,서울인왕초등학교)",37.5902192526077,126.944804596756,02-395-4094,02-394-5026,http://inwang.sen.es.kr,남녀공학,both,126.9448024,37.5902308
서울특별시교육청,서울특별시서부교육지원청,서울특별시 마포구,S010002011,서울중동초등학교,2,공립,N,,35.0,45.0,32.0,49.0,26.0,33.0,56.0,43.0,48.0,38.0,47.0,46.0,4.0,3.0,0.0,0.0,248.0,257.0,505.0,,N,단설,주간,19771202,19770901,1144012500,서울특별시 마포구 성산동,94-1.,121849,3949,서울특별시 마포구 월드컵북로 152,(성산동),37.5666246,126.911279,02-373-4835,02-307-7768,http://jungdong.sen.es.kr,남녀공학,both,126.9116130,37.5668670
서울특별시교육청,서울특별시서부교육지원청,서울특별시 은평구,S010002012,서울증산초등학교,2,공립,N,,66.0,51.0,47.0,41.0,48.0,34.0,49.0,52.0,49.0,46.0,52.0,71.0,5.0,4.0,0.0,0.0,316.0,299.0,615.0,,N,단설,주간,19761126,19761126,1138011000,서울특별시 은평구 증산동,212번지 (비단길 61).,122941,3493,서울특별시 은평구 증산서길 61,(증산동),37.5825637366258,126.90427497668,02-373-6305,02-307-7937,http://jeungsancho.sen.es.kr,남녀공학,both,126.9041630,37.5828170
서울특별시교육청,서울특별시서부교육지원청,서울특별시 서대문구,S010002013,서울창서초등학교,2,공립,N,,10.0,15.0,16.0,12.0,9.0,13.0,12.0,13.0,14.0,15.0,21.0,8.0,4.0,1.0,0.0,0.0,86.0,77.0,163.0,,N,단설,주간,19611101,19611101,1141011600,서울특별시 서대문구 창천동,53-38.,120834,3787,서울 서대문구 연세로5나길 30-3,"(창천동,서울창서초등학교)",37.5581416085208,126.933478835428,02-332-9532,02-323-3867,http://scs.sen.es.kr,남녀공학,both,126.9336250,37.5577583
서울특별시교육청,서울특별시서부교육지원청,서울특별시 마포구,S010002014,서울창천초등학교,2,공립,N,,22.0,21.0,14.0,12.0,12.0,5.0,5.0,11.0,17.0,13.0,10.0,9.0,6.0,2.0,0.0,0.0,86.0,73.0,159.0,,N,단설,주간,19400401,19400129,1144011000,서울특별시 마포구 노고산동,31(꿈동산5길 12) 서울창천초등학교.,121806,4102,서울특별시 마포구 백범로1길 56,", 서울창천초등학교 (노고산동)",37.554877,126.939637,02-715-4667,02-718-9277,http://changchon.sen.es.kr,남녀공학,both,126.9390619,37.5549751
서울특별시교육청,서울특별시서부교육지원청,서울특별시 마포구,S010002015,서울한서초등학교,2,공립,N,,62.0,66.0,59.0,68.0,53.0,60.0,70.0,67.0,52.0,58.0,56.0,48.0,1.0,2.0,0.0,0.0,353.0,369.0,722.0,,N,단설,주간,19451101,19451101,1144010900,서울특별시 마포구 염리동,24-140번지(한서6길 21).,121871,4123,서울특별시 마포구 대흥로24바길 27,", 서울한서초 (염리동)",37.5536482837029,126.949779399195,02-716-4914,02-718-0563,http://hanseo.sen.es.kr,남녀공학,both,126.9497996,37.5536280
서울특별시교육청,서울특별시서부교육지원청,서울특별시 서대문구,S010002016,서울홍연초등학교,2,공립,N,,41.0,42.0,53.0,47.0,47.0,46.0,62.0,62.0,51.0,48.0,72.0,66.0,5.0,3.0,0.0,0.0,331.0,314.0,645.0,,N,단설,주간,19750703,19750703,1141011800,서울특별시 서대문구 홍은동,305번지.,120100,3657,서울특별시 서대문구 백련사길 55,", 서울홍연초등학교 (홍은동)",37.582078,126.930792,02-394-1802,02-379-4456,http://hyc.sen.es.kr,남녀공학,both,126.9307631,37.5819154
서울특별시교육청,서울특별시서부교육지원청,서울특별시 서대문구,S010002017,서울홍은초등학교,2,공립,N,,27.0,31.0,20.0,27.0,39.0,23.0,28.0,33.0,18.0,24.0,20.0,22.0,11.0,2.0,0.0,0.0,163.0,162.0,325.0,,N,단설,주간,19740306,19740306,1141011100,서울특별시 서대문구 홍제동,286-5번지.,120093,3617,서울특별시 서대문구 세검정로 105,", 홍제동,서울홍은초등학교 (홍제동)",37.5975409941269,126.949460026612,02-391-2196,02-394-5320,http://hongeun.sen.es.kr,남녀공학,both,126.9494734,37.5975391
서울특별시교육청,서울특별시서부교육지원청,서울특별시 서대문구,S010002018,서울홍제초등학교,2,공립,N,,63.0,87.0,46.0,66.0,62.0,66.0,70.0,67.0,68.0,80.0,77.0,71.0,7.0,2.0,0.0,0.0,393.0,439.0,832.0,,N,병설,주간,19370521,19370521,1141011800,서울특별시 서대문구 홍은동,48번지.,03616,3616,서울특별시 서대문구 홍은중앙로 13,", 서울홍제초등학교 (홍은동)",37.5935063587127,126.945422674717,02-396-7235,02-396-7273,http://hongje.sen.es.kr,남녀공학,both,126.9444265,37.5930621
서울특별시교육청,서울특별시서부교육지원청,서울특별시 은평구,S010002019,선일초등학교,2,사립,N,,44.0,43.0,42.0,43.0,44.0,40.0,40.0,31.0,22.0,26.0,34.0,28.0,0.0,0.0,0.0,0.0,226.0,211.0,437.0,,N,단설,주간,19650907,19650907,1138010400,서울특별시 은평구 갈현동,240-1번지.,122802,3322,서울특별시 은평구 갈현로29길 27,", 선일초등학교 (갈현동)",37.619773,126.913287,02-355-0160,02-389-5270,http://sunil.sen.es.kr,남녀공학,both,126.9129862,37.6191636
서울특별시교육청,서울특별시서부교육지원청,서울특별시 은평구,S010002021,예일초등학교,2,사립,N,,44.0,42.0,42.0,42.0,42.0,42.0,33.0,52.0,30.0,29.0,35.0,43.0,0.0,0.0,0.0,0.0,226.0,250.0,476.0,,N,단설,주간,19650926,19650926,1138010500,서울특별시 은평구 구산동,8-3.,122819,3412,서울특별시 은평구 연서로 117,", 예일초등학교 (구산동)",37.610224,126.914341,02-3800-777,02-3800-786,https://yale.sen.es.kr/,남녀공학,both,126.9153478,37.6108146
서울특별시교육청,서울특별시서부교육지원청,서울특별시 서대문구,S010002023,이화여자대학교사범대학부속초등학교,2,사립,N,,52.0,52.0,52.0,52.0,52.0,52.0,52.0,52.0,52.0,52.0,52.0,52.0,0.0,0.0,0.0,0.0,312.0,312.0,624.0,,N,부속,주간,19550408,19550408,1141011300,서울특별시 서대문구 대신동,20번지.,120160,3765,서울특별시 서대문구 성산로 512-39,"(대신동,이화여대부속초등학교)",37.5611486017934,126.942775192298,02-363-5555,02-364-6001,http://ewha.sen.es.kr,남녀공학,both,126.9429008,37.5612344
서울특별시교육청,서울특별시서부교육지원청,서울특별시 서대문구,S010002024,추계초등학교,2,사립,N,,30.0,31.0,31.0,30.0,31.0,31.0,33.0,28.0,27.0,32.0,24.0,24.0,0.0,0.0,0.0,0.0,176.0,176.0,352.0,,N,단설,주간,19640720,19640720,1141011000,서울특별시 서대문구 북아현동,190-1번지.,120818,3762,서울특별시 서대문구 북아현로11가길 7,"(북아현동,추계초등학교)",37.56368,126.953127,02-312-7701,02-312-7750,http://chugye.sen.es.kr,남녀공학,both,126.9536152,37.5630397
서울특별시교육청,서울특별시서부교육지원청,서울특별시 은평구,S010002025,충암초등학교,2,사립,N,,56.0,56.0,66.0,64.0,67.0,63.0,64.0,56.0,44.0,31.0,62.0,31.0,0.0,0.0,0.0,0.0,359.0,301.0,660.0,,N,단설,주간,19661109,19651115,1138010700,서울특별시 은평구 응암동,272-113.,122010,3481,서울특별시 은평구 가좌로5길 5,(응암동),37.585434,126.922585,02-302-2430,02-302-8710,http://choongam.sen.es.kr,남녀공학,both,126.9219362,37.5852566
서울특별시교육청,서울특별시서부교육지원청,서울특별시 마포구,S010002026,홍익대학교사범대학부속초등학교,2,사립,N,,42.0,43.0,43.0,43.0,43.0,43.0,40.0,44.0,44.0,38.0,29.0,34.0,0.0,0.0,0.0,0.0,241.0,245.0,486.0,,N,부속,주간,19660312,19660312,1144012500,서울특별시 마포구 성산동,산11-31.,121847,3967,서울특별시 마포구 성미산로 51,(성산동),37.5596457273319,126.913209280722,02-336-3500,02-331-7210,http://hongik.sen.es.kr,남녀공학,both,126.9126040,37.5602640
서울특별시교육청,서울특별시성동광진교육지원청,서울특별시 광진구,S010002163,경복초등학교,2,사립,N,,62.0,60.0,63.0,61.0,63.0,58.0,61.0,60.0,65.0,77.0,68.0,73.0,0.0,0.0,0.0,0.0,382.0,389.0,771.0,,N,단설,주간,19650302,19650302,1121510200,서울특별시 광진구 능동,25번지.,143847,4991,서울특별시 광진구 천호대로130길 58,", 경복초등학교 (능동)",37.549722,127.086784,02-2204-1200,02-454-5086,http://www.kbes.kr,남녀공학,both,127.0868137,37.5498239
서울특별시교육청,서울특별시성동광진교육지원청,서울특별시 성동구,S010002164,서울경동초등학교,2,공립,N,,65.0,61.0,77.0,67.0,69.0,62.0,79.0,72.0,79.0,69.0,74.0,74.0,5.0,9.0,0.0,0.0,448.0,414.0,862.0,,N,단설,주간,19131001,19131001,1120011400,서울특별시 성동구 성수동1가,19-1번지.,133111,4781,서울특별시 성동구 성수일로 34,"(성수동1가,경동초등학교)",37.5438238575493,127.050073696704,02-6902-2700,02-6902-2799,http://kyungdong.sen.es.kr,남녀공학,both,127.0503405,37.5433367
서울특별시교육청,서울특별시성동광진교육지원청,서울특별시 성동구,S010002165,서울경수초등학교,2,공립,N,,17.0,19.0,15.0,15.0,28.0,19.0,21.0,21.0,21.0,21.0,18.0,14.0,3.0,3.0,0.0,0.0,123.0,112.0,235.0,,N,병설,주간,19820429,19820429,1120011500,서울특별시 성동구 성수동2가,268번지.,133121,4785,서울특별시 성동구 뚝섬로13길 22,"(성수동2가,경수초등학교)",37.5404360421703,127.05806891914,02-498-5123,02-498-5127,http://ks.sen.es.kr,남녀공학,both,127.0583269,37.5403568
서울특별시교육청,서울특별시성동광진교육지원청,서울특별시 성동구,S010002166,서울경일초등학교,2,공립,N,,20.0,14.0,23.0,22.0,23.0,21.0,14.0,17.0,23.0,18.0,27.0,20.0,0.0,0.0,0.0,0.0,130.0,112.0,242.0,,N,단설,주간,19841031,19841031,1120011400,서울특별시 성동구 성수동1가,656-32번지.,133111,4774,서울특별시 성동구 뚝섬로 332,(성수동1가),37.5409420789589,127.046604809895,02-2086-6200,02-2086-6299,https://kyongil.sen.es.kr,남녀공학,both,127.0472155,37.5406565
서울특별시교육청,서울특별시성동광진교육지원청,서울특별시 광진구,S010002167,서울광남초등학교,2,공립,N,,97.0,91.0,95.0,90.0,132.0,101.0,117.0,130.0,128.0,129.0,142.0,115.0,0.0,0.0,0.0,0.0,711.0,656.0,1367.0,,N,단설,주간,19900607,19900120,1121510400,서울특별시 광진구 광장동,554번지.,143815,4973,서울특별시 광진구 아차산로70길 35,(광장동),37.5407894383341,127.100663820026,02-455-3763,02-457-4946,http://gwangnam.sen.es.kr,남녀공학,both,127.1006345,37.5409310
서울특별시교육청,서울특별시성동광진교육지원청,서울특별시 광진구,S010002168,서울광장초등학교,2,공립,N,,33.0,23.0,24.0,17.0,22.0,23.0,29.0,19.0,29.0,34.0,26.0,25.0,9.0,4.0,0.0,0.0,172.0,145.0,317.0,,N,단설,주간,19461110,19461110,1121510400,서울특별시 광진구 광장동,389번지(광장학교길 19).,143210,4966,서울특별시 광진구 광장로1길 27,", 서울광장초등학교 (광장동)",37.5485053,127.1010583,02-2139-1501,02-2139-1605,http://kwangjang.sen.es.kr,남녀공학,both,127.1010612,37.5486255
서울특별시교육청,서울특별시성동광진교육지원청,서울특별시 광진구,S010002169,서울구남초등학교,2,공립,N,,53.0,50.0,61.0,62.0,43.0,61.0,75.0,61.0,51.0,64.0,69.0,47.0,0.0,0.0,0.0,0.0,352.0,345.0,697.0,,N,단설,주간,19980605,19980301,1121510300,서울특별시 광진구 구의동,587-95번지.,143831,5048,서울특별시 광진구 구의강변로 69,", 서울구남초등학교 (구의동)",37.5370949717358,127.09229060679,02-453-8921,02-3436-7518,http://gunam.sen.es.kr,남녀공학,both,127.0922387,37.5371569
서울특별시교육청,서울특별시성동광진교육지원청,서울특별시 광진구,S010002170,서울구의초등학교,2,공립,N,,52.0,48.0,36.0,39.0,34.0,38.0,57.0,43.0,32.0,28.0,53.0,44.0,10.0,2.0,0.0,0.0,274.0,242.0,516.0,,N,단설,주간,19820422,19811226,1121510700,서울특별시 광진구 화양동,303-9 서울구의초등학교.,143926,5022,서울특별시 광진구 광나루로30길 49,", 서울구의초등학교 (화양동)",37.5430070757485,127.080312567554,02-444-6490,02-444-5872,http://guui.sen.es.kr,남녀공학,both,127.0807233,37.5430129
서울특별시교육청,서울특별시성동광진교육지원청,서울특별시 성동구,S010002171,서울금북초등학교,2,공립,N,,82.0,67.0,59.0,68.0,65.0,60.0,61.0,66.0,61.0,54.0,63.0,55.0,8.0,2.0,0.0,0.0,399.0,372.0,771.0,,N,단설,주간,19681126,19681126,1120010900,서울특별시 성동구 금호동1가,48-2번지.,133800,4721,서울특별시 성동구 행당로1길 13,", 서울금북초등학교 (금호동1가)",37.5574948633802,127.023558810814,02-2299-5303,02-2299-5301,http://gb.sen.es.kr,남녀공학,both,127.0233723,37.5573416
서울특별시교육청,서울특별시성동광진교육지원청,서울특별시 성동구,S010002172,서울금옥초등학교,2,공립,N,,43.0,35.0,22.0,17.0,25.0,15.0,25.0,18.0,14.0,21.0,18.0,20.0,4.0,1.0,0.0,0.0,151.0,127.0,278.0,,N,단설,주간,19620412,19620412,1120011200,서울특별시 성동구 금호동4가,1254번지.,133809,4725,서울특별시 성동구 독서당로 251,"(금호동4가, 서울금옥초등학교)",37.5463018927409,127.017652886834,02-2297-2267,02-2291-8999,https://geumok.sen.es.kr,남녀공학,both,127.0177543,37.5464151
서울특별시교육청,서울특별시성동광진교육지원청,서울특별시 성동구,S010002173,서울금호초등학교,2,공립,N,,49.0,64.0,51.0,50.0,45.0,41.0,38.0,47.0,43.0,41.0,30.0,24.0,9.0,2.0,0.0,0.0,265.0,269.0,534.0,,N,단설,주간,19580401,19580401,1120011000,서울특별시 성동구 금호동2가,511번지.,133803,4726,서울특별시 성동구 무수막길 69,", 서울금호초등학교 (금호동2가)",37.5518983915469,127.020755009678,02-2237-7495,02-2237-6262,http://geumho.sen.es.kr,남녀공학,both,127.0198751,37.5527068
서울특별시교육청,서울특별시성동광진교육지원청,서울특별시 성동구,S010002174,서울동명초등학교,2,공립,N,,23.0,14.0,16.0,23.0,24.0,13.0,27.0,18.0,39.0,32.0,27.0,18.0,4.0,7.0,0.0,0.0,160.0,125.0,285.0,,N,단설,주간,19441010,19441010,1120010500,서울특별시 성동구 마장동,556번지.,133814,4705,서울특별시 성동구 마장로29길 29,", 서울동명초등학교 (마장동)",37.568565,127.03537,02-2299-5122,02-2299-5126,http://dgmg.sen.es.kr/index.do,남녀공학,both,127.0358408,37.5688524
서울특별시교육청,서울특별시성동광진교육지원청,서울특별시 광진구,S010002175,서울동의초등학교,2,공립,N,,54.0,60.0,48.0,56.0,60.0,64.0,63.0,60.0,67.0,52.0,61.0,55.0,5.0,2.0,0.0,0.0,358.0,349.0,707.0,,N,단설,주간,19871026,19870709,1121510300,서울특별시 광진구 구의동,4-5번지.,04948,4948,서울특별시 광진구 영화사로 111,"(구의동,서울동의초등학교)",37.5534228057964,127.099046631468,02-447-2708,02-455-9366,http://dongeui.sen.es.kr,남녀공학,both,127.0990096,37.5536236
서울특별시교육청,서울특별시성동광진교육지원청,서울특별시 광진구,S010002176,서울동자초등학교,2,공립,N,,106.0,98.0,104.0,71.0,84.0,88.0,98.0,98.0,79.0,113.0,103.0,99.0,0.0,0.0,0.0,0.0,574.0,567.0,1141.0,,N,단설,주간,19841205,19841205,1121510500,서울특별시 광진구 자양동,518-1번지.,143861,5069,서울특별시 광진구 뚝섬로 561,(자양동),37.5350582988376,127.072180410025,02-444-1349,02-457-8334,http://dongja.sen.es.kr,남녀공학,both,127.0727057,37.5348077
서울특별시교육청,서울특별시성동광진교육지원청,서울특별시 성동구,S010002177,서울무학초등학교,2,공립,N,,38.0,40.0,34.0,30.0,47.0,40.0,42.0,36.0,37.0,43.0,36.0,22.0,8.0,4.0,0.0,0.0,242.0,215.0,457.0,,N,단설,주간,19150901,19150901,1120010200,서울특별시 성동구 하왕십리동,950-1번지.,133857,4710,서울특별시 성동구 무학봉15길 21,", 서울무학초등학교 (하왕십리동)",37.563094,127.029438,02-2290-3200,02-2298-4013,http://muhag.sen.es.kr,남녀공학,both,127.0296976,37.5632433
서울특별시교육청,서울특별시성동광진교육지원청,서울특별시 성동구,S010002178,서울사근초등학교,2,공립,N,,13.0,17.0,15.0,17.0,16.0,11.0,14.0,13.0,8.0,12.0,12.0,14.0,7.0,4.0,0.0,0.0,85.0,88.0,173.0,,N,단설,주간,19671113,19670711,1120010600,서울특별시 성동구 사근동,291-5번지.,133817,4761,서울특별시 성동구 사근동11길 16,"(사근동, 사근초등학교)",37.5,127.0,02-2293-9690,02-2296-9767,http://sageun.sen.es.kr,남녀공학,both,127.0477648,37.5629618
서울특별시교육청,서울특별시성동광진교육지원청,서울특별시 성동구,S010002179,서울성수초등학교,2,공립,N,,11.0,30.0,24.0,19.0,24.0,15.0,19.0,23.0,23.0,20.0,23.0,22.0,3.0,1.0,0.0,0.0,127.0,130.0,257.0,,N,단설,주간,19721201,19720901,1120011500,서울특별시 성동구 성수동2가,277-32번지.,133832,4798,서울특별시 성동구 아차산로17길 21,(성수동2가),37.544309,127.063378,02-466-4504,02-461-0426,http://sungsu.sen.es.kr,남녀공학,both,127.0633521,37.5441946
서울특별시교육청,서울특별시성동광진교육지원청,서울특별시 광진구,S010002180,서울성자초등학교,2,공립,N,,37.0,39.0,49.0,50.0,41.0,46.0,54.0,41.0,48.0,51.0,56.0,50.0,0.0,0.0,0.0,0.0,285.0,277.0,562.0,,N,단설,주간,19840518,19840518,1121510500,서울특별시 광진구 자양동,662번지.,143873,5102,서울특별시 광진구 뚝섬로56길 7,", 서울성자초등학교 (자양동)",37.531162,127.083148,02-2161-6500,02-453-8724,http://seongja.sen.es.kr,남녀공학,both,127.0830500,37.5313435
서울특별시교육청,서울특별시성동광진교육지원청,서울특별시 광진구,S010002181,서울신양초등학교,2,공립,N,,39.0,45.0,36.0,40.0,35.0,44.0,36.0,38.0,48.0,44.0,43.0,32.0,4.0,3.0,0.0,0.0,241.0,246.0,487.0,,N,단설,주간,19790411,19790411,1121510500,서울특별시 광진구 자양동,506-1번지.,143861,5090,서울특별시 광진구 능동로 42,", 신양초등학교 (자양동)",37.5346811946054,127.069994144139,02-2201-8081,02-2201-8087,http://sinyang.sen.es.kr,남녀공학,both,127.0692999,37.5348621
서울특별시교육청,서울특별시성동광진교육지원청,서울특별시 광진구,S010002182,서울신자초등학교,2,공립,N,,31.0,26.0,30.0,22.0,23.0,29.0,24.0,31.0,22.0,19.0,31.0,26.0,7.0,2.0,0.0,0.0,168.0,155.0,323.0,,N,단설,주간,19830504,19821207,1121510500,서울특별시 광진구 자양동,591.,143865,5110,서울특별시 광진구 뚝섬로46길 64,", 서울신자초등학교 (자양동)",37.5302448220138,127.075587930284,02-450-5600,02-450-5678,http://sinja.sen.es.kr,남녀공학,both,127.0755971,37.5302699
서울특별시교육청,서울특별시성동광진교육지원청,서울특별시 광진구,S010002183,서울양남초등학교,2,공립,N,,8.0,13.0,10.0,20.0,12.0,12.0,14.0,15.0,10.0,9.0,7.0,9.0,6.0,1.0,0.0,0.0,67.0,79.0,146.0,,N,단설,주간,19840516,19831203,1121510500,서울특별시 광진구 자양동,692번지.,143875,5114,서울특별시 광진구 뚝섬로64길 71,", (자양동, 서울양남초등학교)",37.53079,127.08971,02-452-8189,02-454-3690,http://s-yangnam.sen.es.kr,남녀공학,both,127.0896505,37.5310737
서울특별시교육청,서울특별시성동광진교육지원청,서울특별시 성동구,S010002184,서울옥수초등학교,2,공립,N,,52.0,55.0,57.0,33.0,42.0,51.0,33.0,50.0,44.0,39.0,40.0,37.0,4.0,0.0,0.0,0.0,272.0,265.0,537.0,,N,단설,주간,19661202,19670327,1120011200,서울특별시 성동구 금호동4가,440-12번지.,133808,4740,서울특별시 성동구 금호로1길 25,", 옥수초등학교 (금호동4가)",37.5459227080271,127.022188208395,02-2297-8623,02-2299-5209,http://oksu.sen.es.kr,남녀공학,both,127.0221279,37.5460894
서울특별시교육청,서울특별시성동광진교육지원청,서울특별시 성동구,S010002185,서울옥정초등학교,2,공립,N,,65.0,73.0,49.0,66.0,66.0,53.0,53.0,75.0,61.0,58.0,54.0,45.0,6.0,1.0,0.0,0.0,354.0,371.0,725.0,,N,단설,주간,19710522,19710522,1120011300,서울특별시 성동구 옥수동,233-16번지.,04735,4735,서울특별시 성동구 한림말길 43,"(옥수동,옥정초등학교)",37.5423089278397,127.015787175745,02-2297-0148,02-2298-1911,http://okjeong.sen.es.kr,남녀공학,both,127.0154060,37.5419058
서울특별시교육청,서울특별시성동광진교육지원청,서울특별시 광진구,S010002186,서울용곡초등학교,2,공립,N,,37.0,28.0,39.0,34.0,30.0,29.0,45.0,37.0,42.0,45.0,31.0,36.0,5.0,0.0,0.0,0.0,229.0,209.0,438.0,,N,단설,주간,19780504,19780213,1121510100,서울특별시 광진구 중곡동,176-1(대원길 42번지).,143224,4940,서울특별시 광진구 용마산로22길 82,", 서울용곡초등학교 (중곡동)",37.5671083466152,127.088451965081,02-457-7225,02-454-4508,http://yonggok.sen.es.kr,남녀공학,both,127.0884712,37.5671118
서울특별시교육청,서울특별시성동광진교육지원청,서울특별시 성동구,S010002187,서울용답초등학교,2,공립,N,,15.0,18.0,14.0,18.0,11.0,11.0,22.0,24.0,25.0,22.0,18.0,21.0,5.0,6.0,0.0,0.0,110.0,120.0,230.0,,N,단설,주간,19830420,19830420,1120012200,서울특별시 성동구 용답동,29번지.,133847,4805,서울특별시 성동구 용답25길 1,", 서울용답초등학교",37.5607285633144,127.053761137656,02-2245-2717,02-2215-8206,http://yd.sen.es.kr,남녀공학,both,127.0534183,37.5608291
서울특별시교육청,서울특별시성동광진교육지원청,서울특별시 광진구,S010002188,서울용마초등학교,2,공립,N,,103.0,92.0,83.0,73.0,90.0,83.0,97.0,83.0,106.0,89.0,109.0,108.0,9.0,3.0,0.0,0.0,597.0,531.0,1128.0,,N,단설,주간,19721123,19720801,1121510100,서울특별시 광진구 중곡동,135-1번지.,143891,4926,서울특별시 광진구 천호대로113길 10,(중곡동),37.55811,127.0841,02-3436-4012,02-3436-4018,http://ymc.sen.es.kr,남녀공학,both,127.0844637,37.5582210
서울특별시교육청,서울특별시성동광진교육지원청,서울특별시 성동구,S010002189,서울응봉초등학교,2,공립,N,,59.0,52.0,61.0,49.0,63.0,49.0,52.0,75.0,71.0,60.0,84.0,68.0,0.0,0.0,0.0,0.0,390.0,353.0,743.0,,N,단설,주간,20021024,20020712,1120010800,서울특별시 성동구 응봉동,205-1번지.,04742,4742,서울특별시 성동구 독서당로62길 28,"(응봉동, 응봉초등학교)",37.5502519479445,127.03383195826,02-2281-0816,02-2281-0833,http://eb.sen.es.kr,남녀공학,both,127.0338625,37.5505000
서울특별시교육청,서울특별시성동광진교육지원청,서울특별시 광진구,S010002190,서울자양초등학교,2,공립,N,,39.0,37.0,43.0,35.0,31.0,39.0,43.0,45.0,44.0,39.0,31.0,37.0,2.0,2.0,0.0,0.0,233.0,234.0,467.0,,N,단설,주간,19451210,19451210,1121510500,서울특별시 광진구 자양동,222-6(자양새싹길 14).,143852,5054,서울특별시 광진구 아차산로44길 26,(자양동),37.5369887849728,127.079740385527,02-457-1468,02-458-4393,http://jayang.sen.es.kr/,남녀공학,both,127.0796624,37.5369826
서울특별시교육청,서울특별시성동광진교육지원청,서울특별시 광진구,S010002191,서울장안초등학교,2,공립,N,,54.0,34.0,45.0,46.0,32.0,30.0,54.0,45.0,35.0,38.0,46.0,41.0,9.0,2.0,0.0,0.0,275.0,236.0,511.0,,N,단설,주간,19550319,19550319,1121510900,서울특별시 광진구 군자동,365-1번지.,143840,5004,서울특별시 광진구 군자로 74,(군자동),37.5498778014785,127.072402921885,02-469-5264,02-469-5266,http://jangan.sen.es.kr,남녀공학,both,127.0722063,37.5503861
서울특별시교육청,서울특별시성동광진교육지원청,서울특별시 광진구,S010002192,서울중광초등학교,2,공립,N,,24.0,31.0,19.0,14.0,17.0,19.0,23.0,22.0,10.0,23.0,20.0,15.0,5.0,3.0,0.0,0.0,118.0,127.0,245.0,,N,단설,주간,19980901,19980901,1121510100,서울특별시 광진구 중곡동,220-22번지.,143900,4908,서울특별시 광진구 긴고랑로13길 59,"(중곡동,중광초등학교)",37.5652420520547,127.082695273226,02-469-3340,02-465-0936,http://jkschool.sen.es.kr,남녀공학,both,127.0827202,37.5652655
서울특별시교육청,서울특별시성동광진교육지원청,서울특별시 광진구,S010002193,서울중마초등학교,2,공립,N,,34.0,30.0,31.0,29.0,26.0,16.0,49.0,39.0,47.0,35.0,34.0,29.0,3.0,3.0,0.0,0.0,224.0,181.0,405.0,,N,단설,주간,19821110,19821110,1121510100,서울특별시 광진구 중곡동,191-70번지.,143901,4907,서울특별시 광진구 동일로72길 43,(중곡동),37.5661418,127.0800646,02-466-1007,02-467-9296,http://jungma.sen.es.kr,남녀공학,both,127.0800646,37.5661418
서울특별시교육청,서울특별시성동광진교육지원청,서울특별시 성동구,S010002194,서울행당초등학교,2,공립,N,,62.0,60.0,70.0,63.0,52.0,68.0,60.0,64.0,56.0,54.0,52.0,53.0,10.0,2.0,0.0,0.0,362.0,364.0,726.0,,N,단설,주간,19621026,19621026,1120010700,서울특별시 성동구 행당동,320번지.,133071,4746,서울특별시 성동구 고산자로8길 6,", 서울행당초등학교 (행당동)",37.5570199415241,127.034871707606,02-2292-9434,02-2296-7922,http://hd.sen.es.kr,남녀공학,both,127.0348787,37.5569541
서울특별시교육청,서울특별시성동광진교육지원청,서울특별시 광진구,S010002195,서울화양초등학교,2,공립,N,,4.0,3.0,5.0,1.0,8.0,4.0,9.0,10.0,8.0,14.0,9.0,9.0,0.0,0.0,0.0,0.0,43.0,41.0,84.0,,N,단설,주간,19831021,19830701,1121510700,서울특별시 광진구 화양동,12-2번지.,143914,5011,서울특별시 광진구 군자로 9,(화양동),37.5444596231512,127.07099501707388,02-461-1866,02-499-5875,http://hy.sen.es.kr,남녀공학,both,127.0710894,37.5443829
서울특별시교육청,서울특별시성동광진교육지원청,서울특별시 광진구,S010002196,성동초등학교,2,사립,N,,61.0,62.0,62.0,61.0,62.0,59.0,62.0,58.0,53.0,66.0,61.0,51.0,0.0,0.0,0.0,0.0,361.0,357.0,718.0,,N,단설,주간,19670320,19661216,1121510500,서울특별시 광진구 자양동,694-1번지.,143875,5114,서울특별시 광진구 자양로4길 63,(자양동),37.5332806475495,127.089280912796,02-447-2642,02-454-4322,http://sungdong.sen.es.kr,남녀공학,both,127.0895265,37.5331782
서울특별시교육청,서울특별시성동광진교육지원청,서울특별시 광진구,S010002197,세종초등학교,2,사립,N,,29.0,29.0,30.0,32.0,31.0,30.0,31.0,31.0,31.0,30.0,29.0,31.0,0.0,0.0,0.0,0.0,181.0,183.0,364.0,,N,부속,주간,19621004,19621004,1121510900,서울특별시 광진구 군자동,98번지.,143150,5006,서울특별시 광진구 군자로 114,", 세종초등학교 (군자동)",37.5530324,127.0729061,02-466-0045,02-499-3513,http://sje.sejong.ac.kr,남녀공학,both,127.0729061,37.5530324
서울특별시교육청,서울특별시성동광진교육지원청,서울특별시 성동구,S010002198,한양초등학교,2,사립,N,,57.0,58.0,56.0,57.0,53.0,60.0,55.0,57.0,53.0,59.0,39.0,62.0,0.0,0.0,0.0,0.0,313.0,353.0,666.0,,N,단설,주간,19660515,19660220,1120010700,서울특별시 성동구 행당동,17번지.,133070,4763,서울특별시 성동구 살곶이길 208,", 한양초등학교 (사근동)",37.5576198623298,127.050264009727,02-2293-8732,02-2299-3492,http://www.hye.or.kr,남녀공학,both,127.0503868,37.5576113
서울특별시교육청,서울특별시성북강북교육지원청,서울특별시 성북구,S010002289,광운초등학교,2,사립,N,,42.0,42.0,56.0,56.0,67.0,45.0,64.0,48.0,46.0,44.0,48.0,40.0,0.0,0.0,0.0,0.0,323.0,275.0,598.0,,N,병설,주간,19651025,19651025,1129013800,서울특별시 성북구 장위동,128번지.,136831,2763,서울특별시 성북구 한천로 693,"(장위동,광운초등학교)",37.6190581901755,127.055089853578,02-915-7312,02-915-7515,http://kwangwoon.sen.es.kr,남녀공학,both,127.0551517,37.6190534
서울특별시교육청,서울특별시성북강북교육지원청,서울특별시 성북구,S010002290,대광초등학교,2,사립,N,,42.0,42.0,42.0,43.0,45.0,41.0,45.0,39.0,35.0,34.0,39.0,36.0,0.0,0.0,0.0,0.0,248.0,235.0,483.0,,N,단설,주간,19660525,19651201,1129012900,서울특별시 성북구 보문동7가,111번지.,136087,2859,서울특별시 성북구 안암로 5,"(보문동7가,대광초등학교)",37.5791512170431,127.02344789498,02-923-2032,02-922-6195,http://daegwang.sen.es.kr,남녀공학,both,127.0237566,37.5790082
서울특별시교육청,서울특별시성북강북교육지원청,서울특별시 성북구,S010002291,매원초등학교,2,사립,N,,43.0,43.0,44.0,42.0,40.0,44.0,40.0,44.0,32.0,49.0,35.0,40.0,0.0,0.0,0.0,0.0,234.0,262.0,496.0,,N,단설,주간,19640309,19631205,1129010300,서울특별시 성북구 돈암동,45(북악산길 870).,136890,2828,서울특별시 성북구 북악산로 870,(돈암동),37.598015,127.019023,02-922-6052,02-921-1105,http://maewon.sen.es.kr,남녀공학,both,127.0199540,37.5974571
서울특별시교육청,서울특별시성북강북교육지원청,서울특별시 성북구,S010002292,서울개운초등학교,2,공립,N,,60.0,56.0,41.0,49.0,43.0,68.0,66.0,53.0,70.0,65.0,57.0,75.0,1.0,1.0,0.0,0.0,338.0,367.0,705.0,,N,단설,주간,20020710,20020710,1129010300,서울특별시 성북구 돈암동,2-8번지.,136813,2806,서울특별시 성북구 정릉로48길 52,"(돈암동,서울개운초등학교)",37.601824,127.027576,02-925-8838,02-925-8868,http://gaewoon.sen.es.kr/,남녀공학,both,127.0277031,37.6016568
서울특별시교육청,서울특별시성북강북교육지원청,서울특별시 성북구,S010002293,서울길음초등학교,2,공립,N,,56.0,68.0,85.0,70.0,86.0,105.0,84.0,102.0,116.0,129.0,121.0,123.0,1.0,2.0,0.0,0.0,549.0,599.0,1148.0,,N,단설,주간,19841205,19841205,1129013400,서울특별시 성북구 길음동,635-7번지.,136807,2723,서울특별시 성북구 길음로 142,"(길음동,서울길음초등학교)",37.6136315081492,127.016658498068,02-918-9983,02-918-9085,http://gireum.sen.es.kr,남녀공학,both,127.0174192,37.6137885
서울특별시교육청,서울특별시성북강북교육지원청,서울특별시 성북구,S010002294,서울돈암초등학교,2,공립,N,,57.0,58.0,55.0,59.0,62.0,68.0,72.0,67.0,68.0,78.0,97.0,89.0,5.0,3.0,0.0,0.0,416.0,422.0,838.0,,N,단설,주간,19440930,19440930,1129010900,서울특별시 성북구 동소문동6가,27-1번지.,136036,2830,서울특별시 성북구 동소문로13길 38,"(동소문동6가,서울돈암초등학교)",37.593319,127.013137,02-928-2010,02-928-6431,http://donam.sen.es.kr,남녀공학,both,127.0126673,37.5937156
서울특별시교육청,서울특별시성북강북교육지원청,서울특별시 성북구,S010002295,서울동신초등학교,2,공립,N,,44.0,33.0,30.0,31.0,31.0,28.0,30.0,40.0,32.0,44.0,34.0,32.0,5.0,2.0,0.0,0.0,206.0,210.0,416.0,,N,단설,주간,19481101,19481101,1129013200,서울특별시 성북구 보문동3가,228번지.,136083,2874,서울특별시 성북구 보문사길 50,"(보문동3가,서울동신초등학교)",37.5832860722065,127.017059309723,02-923-3870,02-928-3478,http://dongsin.sen.es.kr,남녀공학,both,127.0167158,37.5828961
서울특별시교육청,서울특별시성북강북교육지원청,서울특별시 성북구,S010002296,서울미아초등학교,2,공립,N,,106.0,103.0,107.0,84.0,109.0,100.0,110.0,92.0,110.0,92.0,101.0,103.0,8.0,1.0,0.0,0.0,651.0,575.0,1226.0,,N,단설,주간,19620328,19620328,1129013400,서울특별시 성북구 길음동,1168번지.,136807,2724,서울특별시 성북구 삼양로 77,"(길음동, 서울미아초등학교)",37.363457,127.012316,02-912-4014,02-942-4554,http://mia.sen.es.kr,남녀공학,both,127.0216000,37.6109654
서울특별시교육청,서울특별시성북강북교육지원청,서울특별시 강북구,S010002297,서울미양초등학교,2,공립,N,,40.0,27.0,45.0,29.0,27.0,37.0,46.0,45.0,49.0,38.0,38.0,37.0,6.0,1.0,0.0,0.0,251.0,214.0,465.0,,N,단설,주간,19711113,19710105,1130510100,서울특별시 강북구 미아동,837-687번지.,142822,1187,서울특별시 강북구 솔샘로 195,"(미아동,미양초등학교)",37.6212214,127.0137039,02-989-9467,02-985-1843,http://mi-yang.sen.es.kr,남녀공학,both,127.0137039,37.6212214
서울특별시교육청,서울특별시성북강북교육지원청,서울특별시 강북구,S010002298,서울번동초등학교,2,공립,N,,43.0,39.0,33.0,40.0,51.0,42.0,52.0,43.0,54.0,52.0,62.0,59.0,7.0,1.0,0.0,0.0,302.0,276.0,578.0,,N,병설,주간,19910605,19910325,1130510200,서울특별시 강북구 번동,236번지 서울번동초등학교.,142060,1224,서울특별시 강북구 오현로 204,"(번동,번동초등학교)",37.6290255699397,127.040039390955,02-987-1863,02-945-1725,http://beondong.sen.es.kr,남녀공학,both,127.0406011,37.6294045
서울특별시교육청,서울특별시성북강북교육지원청,서울특별시 강북구,S010002299,서울삼각산초등학교,2,공립,N,,74.0,72.0,90.0,88.0,92.0,78.0,116.0,100.0,89.0,90.0,102.0,99.0,0.0,0.0,0.0,0.0,563.0,527.0,1090.0,,N,단설,주간,20020301,20011231,1130510100,서울특별시 강북구 미아동,1353-10.,142100,1198,서울특별시 강북구 삼양로19길 141,"(미아동,삼각산초등학교)",37.616162,127.014471,02-987-5784,02-987-5786,http://samgaksan.sen.es.kr,남녀공학,both,127.0155154,37.6159200
서울특별시교육청,서울특별시성북강북교육지원청,서울특별시 성북구,S010002300,서울삼선초등학교,2,공립,N,,36.0,46.0,40.0,50.0,50.0,45.0,60.0,45.0,68.0,57.0,61.0,56.0,3.0,1.0,0.0,0.0,318.0,300.0,618.0,,N,단설,주간,19490901,19490901,1129011300,서울특별시 성북구 삼선동3가,30-4번지.,136043,2863,서울특별시 성북구 보문로29길 106,"(삼선동3가,서울삼선초등학교)",37.5871428751543,127.012671731183,02-742-1847,02-764-8289,https://samsun.sen.es.kr,남녀공학,both,127.0122800,37.5865829
서울특별시교육청,서울특별시성북강북교육지원청,서울특별시 강북구,S010002301,서울삼양초등학교,2,공립,N,,45.0,35.0,30.0,38.0,36.0,35.0,38.0,36.0,49.0,36.0,40.0,32.0,4.0,1.0,0.0,0.0,242.0,213.0,455.0,,N,단설,주간,19591110,19591110,1130510100,서울특별시 강북구 미아동,791-1932번지.,142100,1181,서울특별시 강북구 삼양로49길 17,"(미아동,삼양초등학교)",37.6232937742549,127.01614864583,02-987-8321,02-987-8325,http://samyang.sen.es.kr,남녀공학,both,127.0164891,37.6237288
서울특별시교육청,서울특별시성북강북교육지원청,서울특별시 성북구,S010002302,서울석관초등학교,2,공립,N,,51.0,53.0,57.0,52.0,40.0,45.0,55.0,60.0,41.0,55.0,55.0,40.0,8.0,3.0,0.0,0.0,307.0,308.0,615.0,,N,단설,주간,19711203,19710525,1129013900,서울특별시 성북구 석관동,감나무길 15(석관동 205번지).,136818,2783,서울특별시 성북구 돌곶이로22길 21,", 서울석관초등학교 (석관동,서울석관초등학교)",37.6110234081501,127.058354803172,02-959-1391,02-959-1390,http://seokgwan.sen.es.kr,남녀공학,both,127.0586944,37.6109283
서울특별시교육청,서울특별시성북강북교육지원청,서울특별시 성북구,S010002303,서울성북초등학교,2,공립,N,,15.0,15.0,20.0,17.0,11.0,19.0,24.0,23.0,17.0,23.0,23.0,14.0,6.0,2.0,0.0,0.0,116.0,113.0,229.0,,N,단설,주간,19420303,19460901,1129010100,서울특별시 성북구 성북동,66-1.,136823,2837,서울특별시 성북구 성북로 102-10,"(성북동,서울성북초등학교)",37.593839,126.998319,02-764-5987,02-762-1670,http://sungbuk.sen.es.kr,남녀공학,both,126.9982906,37.5939192
서울특별시교육청,서울특별시성북강북교육지원청,서울특별시 강북구,S010002304,서울송중초등학교,2,공립,N,,47.0,43.0,58.0,62.0,78.0,46.0,61.0,57.0,63.0,60.0,51.0,77.0,8.0,1.0,0.0,0.0,366.0,346.0,712.0,,N,단설,주간,19831118,19830701,1130510100,서울특별시 강북구 미아동,94-1번지.,142806,1165,서울특별시 강북구 오현로 9,"(미아동,송중초등학교)",37.6170017897908,127.031465458195,02-985-1922,02-945-1829,http://songjoong.sen.es.kr,남녀공학,both,127.0315875,37.6171237
서울특별시교육청,서울특별시성북강북교육지원청,서울특별시 강북구,S010002305,서울송천초등학교,2,공립,N,,34.0,28.0,35.0,44.0,53.0,43.0,53.0,40.0,40.0,48.0,44.0,39.0,2.0,2.0,0.0,0.0,261.0,244.0,505.0,,N,단설,주간,19670419,19661216,1130510100,서울특별시 강북구 미아동,438번지.,142708,1208,서울특별시 강북구 삼양로20길 29,"(미아동,서울송천초등학교)",37.615716,127.023401,02-982-9511,02-984-4854,http://song-cheon.sen.es.kr,남녀공학,both,127.0234156,37.6158138
서울특별시교육청,서울특별시성북강북교육지원청,서울특별시 강북구,S010002306,서울수송초등학교,2,공립,N,,50.0,46.0,46.0,31.0,51.0,57.0,54.0,57.0,67.0,54.0,57.0,65.0,3.0,1.0,0.0,0.0,328.0,311.0,639.0,,N,단설,주간,20010901,20010901,1130510200,서울특별시 강북구 번동,456번지(충효길 12).,142865,1061,서울특별시 강북구 한천로124길 14,(번동),37.6373239675309,127.033205210975,02-996-6494,02-994-1843,http://soosong.sen.es.kr,남녀공학,both,127.0329664,37.6372817
서울특별시교육청,서울특별시성북강북교육지원청,서울특별시 강북구,S010002307,서울수유초등학교,2,공립,N,,54.0,59.0,39.0,53.0,58.0,45.0,51.0,62.0,56.0,58.0,71.0,52.0,6.0,4.0,0.0,0.0,335.0,333.0,668.0,,N,단설,주간,19670309,19670309,1130510300,서울특별시 강북구 수유동,55-5번지.,142874,1116,서울특별시 강북구 삼양로74길 39,", 수유초등학교",37.630802,127.020369,02-989-3724,02-980-4631,http://suyu.sen.es.kr,남녀공학,both,127.0201234,37.6309379
서울특별시교육청,서울특별시성북강북교육지원청,서울특별시 성북구,S010002308,서울숭곡초등학교,2,공립,N,,64.0,74.0,52.0,48.0,53.0,48.0,61.0,48.0,52.0,31.0,34.0,45.0,7.0,4.0,0.0,0.0,323.0,298.0,621.0,,N,단설,주간,19720301,19720301,1129013600,서울특별시 성북구 하월곡동,84-86(두학교길 20).,136131,2736,서울특별시 성북구 종암로40길 30,"(하월곡동,서울숭곡초등학교)",37.6084312159704,127.032816360222,02-912-5846,02-942-2630,http://soonggok.sen.es.kr,남녀공학,both,127.0327263,37.6087833
서울특별시교육청,서울특별시성북강북교육지원청,서울특별시 성북구,S010002309,서울숭덕초등학교,2,공립,N,,106.0,88.0,98.0,92.0,96.0,70.0,105.0,109.0,102.0,89.0,90.0,111.0,9.0,1.0,0.0,0.0,606.0,560.0,1166.0,,N,단설,주간,19450514,19450514,1129013300,서울특별시 성북구 정릉동,173번지.,136102,2718,서울특별시 성북구 정릉로 279,"(정릉동,서울숭덕초등학교)",37.6038183580225,127.013290620708,02-911-1761,02-911-1251,http://soongduck.sen.es.kr,남녀공학,both,127.0140425,37.6047694
서울특별시교육청,서울특별시성북강북교육지원청,서울특별시 성북구,S010002310,서울숭례초등학교,2,공립,N,,37.0,67.0,60.0,62.0,35.0,61.0,81.0,71.0,55.0,50.0,59.0,57.0,8.0,2.0,0.0,0.0,335.0,370.0,705.0,,N,병설,주간,19451101,19451101,1129013500,서울특별시 성북구 종암동,22.,136860,2811,서울특별시 성북구 종암로5길 14,"(종암동,서울숭례초등학교)",37.6,127.0,02-927-5611,02-927-5614,http://sungrye.sen.es.kr,남녀공학,both,127.0345750,37.5949154
서울특별시교육청,서울특별시성북강북교육지원청,서울특별시 성북구,S010002311,서울숭인초등학교,2,공립,N,,77.0,97.0,90.0,80.0,78.0,91.0,112.0,85.0,99.0,126.0,86.0,109.0,13.0,2.0,0.0,0.0,555.0,590.0,1145.0,,N,단설,주간,19370401,19370401,1129013600,서울특별시 성북구 하월곡동,222-4.,131130,2741,서울특별시 성북구 오패산로16길 37,"(하월곡동,서울숭인초등학교)",37.6091611883068,127.038234785447,02-6953-8277,02-942-6683,http://soongin.sen.es.kr,남녀공학,both,127.0383609,37.6091317
서울특별시교육청,서울특별시성북강북교육지원청,서울특별시 성북구,S010002312,서울안암초등학교,2,공립,N,,20.0,21.0,18.0,22.0,16.0,18.0,16.0,13.0,22.0,20.0,20.0,14.0,6.0,2.0,0.0,0.0,118.0,110.0,228.0,,N,단설,주간,19600607,19560324,1129012200,서울특별시 성북구 안암동2가,93.,136072,2850,서울특별시 성북구 고려대로7가길 39,"(안암동2가, 서울안암초등학교)",37.5871997,127.0226313,02-926-4426,02-926-1802,http://anam.sen.es.kr,남녀공학,both,127.0221041,37.5871247
서울특별시교육청,서울특별시성북강북교육지원청,서울특별시 강북구,S010002313,서울오현초등학교,2,공립,N,,25.0,19.0,19.0,28.0,26.0,27.0,23.0,31.0,27.0,28.0,44.0,23.0,3.0,1.0,0.0,0.0,167.0,157.0,324.0,,N,단설,주간,19911002,19911002,1130510200,서울특별시 강북구 번동,248번지.,142063,1230,서울특별시 강북구 월계로 221,"(번동,오현초등학교)",37.623597,127.046649,02-987-0419,02-989-9315,http://ohhyun.sen.es.kr,남녀공학,both,127.0466757,37.6234802
서울특별시교육청,서울특별시성북강북교육지원청,서울특별시 강북구,S010002314,서울우이초등학교,2,공립,N,,98.0,81.0,78.0,84.0,100.0,75.0,99.0,89.0,84.0,90.0,96.0,100.0,7.0,5.0,0.0,0.0,562.0,524.0,1086.0,,N,단설,주간,19491002,19491002,1130510300,서울특별시 강북구 수유동,409번지(우이새싹길 11).,142884,1085,서울특별시 강북구 삼양로99길 36,"(수유동,서울우이초등학교)",37.6387115988808,127.015005390954,02-991-8722,02-998-7470,http://wooi.sen.es.kr,남녀공학,both,127.0151500,37.6388654
서울특별시교육청,서울특별시성북강북교육지원청,서울특별시 성북구,S010002315,서울월곡초등학교,2,공립,N,,32.0,22.0,30.0,31.0,29.0,20.0,36.0,30.0,40.0,27.0,36.0,48.0,5.0,1.0,0.0,0.0,208.0,179.0,387.0,,N,단설,주간,19720714,19710901,1129013800,서울특별시 성북구 장위동,246-194번지.,136142,2747,서울특별시 성북구 장월로3길 42,"(장위동,서울월곡초등학교)",37.6100233349128,127.046081602328,02-941-1761,02-941-1763,http://swg.sen.es.kr,남녀공학,both,127.0461886,37.6100147
서울특별시교육청,서울특별시성북강북교육지원청,서울특별시 강북구,S010002316,서울유현초등학교,2,공립,N,,20.0,20.0,28.0,18.0,31.0,23.0,26.0,29.0,34.0,32.0,35.0,26.0,5.0,4.0,0.0,0.0,179.0,152.0,331.0,,N,단설,주간,19740605,19740605,1130510300,서울특별시 강북구 수유동,466-52번지.,142886,1095,서울특별시 강북구 인수봉로37길 24,"(수유동,서울유현초등학교)",37.6323474396812,127.011419619543,02-985-3121,02-985-3123,http://youhyeon.sen.es.kr,남녀공학,both,127.0114000,37.6317237
서울특별시교육청,서울특별시성북강북교육지원청,서울특별시 강북구,S010002317,서울인수초등학교,2,공립,N,,38.0,58.0,52.0,40.0,57.0,38.0,75.0,69.0,68.0,68.0,54.0,53.0,11.0,0.0,0.0,0.0,355.0,326.0,681.0,,N,단설,주간,19821025,19820707,1130510300,서울특별시 강북구 수유동,551-19번지.,142882,1020,서울특별시 강북구 인수봉로 269,"(수유동,서울인수초등학교)",37.6430513409678,127.009137006332,02-902-2003,02-998-9774,http://insu.sen.es.kr,남녀공학,both,127.0097412,37.6428777
서울특별시교육청,서울특별시성북강북교육지원청,서울특별시 성북구,S010002318,서울일신초등학교,2,공립,N,,64.0,59.0,70.0,54.0,70.0,54.0,72.0,56.0,86.0,51.0,91.0,59.0,2.0,0.0,0.0,0.0,455.0,333.0,788.0,,N,단설,주간,20000901,20000901,1129013500,서울특별시 성북구 종암동,1-79번지.,136858,2795,서울특별시 성북구 월곡로 74,"(종암동,서울일신초등학교)",37.5988135720064,127.040177200619,02-909-2893,02-909-2897,http://ilshin.sen.es.kr,남녀공학,both,127.0402770,37.5989323
서울특별시교육청,서울특별시성북강북교육지원청,서울특별시 성북구,S010002319,서울장곡초등학교,2,공립,N,,106.0,88.0,56.0,69.0,66.0,48.0,74.0,61.0,59.0,71.0,61.0,45.0,7.0,4.0,0.0,0.0,429.0,386.0,815.0,,N,단설,주간,19780321,19780222,1129013800,서울특별시 성북구 장위동,235-1번지.,136833,2754,서울특별시 성북구 장월로23길 16,"(장위동,서울장곡초등학교)",37.6168303770993,127.048156311243,02-918-8494,02-919-9061,http://janggok.sen.es.kr,남녀공학,both,127.0483302,37.6168661
서울특별시교육청,서울특별시성북강북교육지원청,서울특별시 성북구,S010002320,서울장위초등학교,2,공립,N,,27.0,29.0,30.0,33.0,33.0,42.0,39.0,46.0,50.0,47.0,50.0,40.0,4.0,3.0,0.0,0.0,233.0,240.0,473.0,,N,단설,주간,19491101,19461211,1129013800,서울특별시 성북구 장위동,68-8번지(동심1길 35).,136829,2769,서울특별시 성북구 장월로8가길 41,"(장위동,서울장위초등학교)",37.6114416962033,127.050005739663,02-942-1772,02-942-2302,http://jangwicho.sen.es.kr,남녀공학,both,127.0500510,37.6123560
서울특별시교육청,서울특별시성북강북교육지원청,서울특별시 성북구,S010002321,서울정덕초등학교,2,공립,N,,87.0,73.0,68.0,100.0,70.0,81.0,104.0,93.0,64.0,82.0,91.0,89.0,5.0,2.0,0.0,0.0,489.0,520.0,1009.0,,N,단설,주간,19461101,19461101,1129011000,서울특별시 성북구 동소문동7가,118-1번지.,136037,2826,서울특별시 성북구 아리랑로 63,"(동소문동7가,서울정덕초등학교)",37.597773,127.013625,02-928-0422,02-923-5537,http://jeongdeok.sen.es.kr,남녀공학,both,127.0135171,37.5977986
서울특별시교육청,서울특별시성북강북교육지원청,서울특별시 성북구,S010002322,서울정릉초등학교,2,공립,N,,49.0,52.0,70.0,39.0,52.0,58.0,46.0,54.0,72.0,60.0,66.0,67.0,2.0,1.0,0.0,0.0,357.0,331.0,688.0,,N,단설,주간,19851025,19850710,1129013300,서울특별시 성북구 정릉동,798-1번지 (정릉초등길 35).,136847,2701,서울특별시 성북구 솔샘로25가길 8,"(정릉동,서울정릉초등학교)",37.6197953266435,127.005255766394,02-916-2590,02-942-7534,http://jeongneung.sen.es.kr,남녀공학,both,127.0053673,37.6198714
서울특별시교육청,서울특별시성북강북교육지원청,서울특별시 성북구,S010002323,서울정수초등학교,2,공립,N,,32.0,16.0,26.0,22.0,10.0,7.0,13.0,19.0,26.0,17.0,27.0,24.0,2.0,1.0,0.0,0.0,136.0,106.0,242.0,,N,단설,주간,19860406,19860406,1129013300,서울특별시 성북구 정릉동,431-62번지.,136843,2813,서울특별시 성북구 정릉로24길 58,"(정릉동,서울정수초등학교)",37.6037756064197,127.007718883695,02-916-0051,02-942-5030,http://jungsu.sen.es.kr,남녀공학,both,127.0078300,37.6039729
서울특별시교육청,서울특별시성북강북교육지원청,서울특별시 성북구,S010002324,서울청덕초등학교,2,공립,N,,31.0,20.0,20.0,24.0,26.0,22.0,39.0,33.0,35.0,29.0,37.0,34.0,5.0,3.0,0.0,0.0,193.0,165.0,358.0,,N,단설,주간,19671130,19670910,1129013300,서울특별시 성북구 정릉동,847번지.,136854,2706,서울특별시 성북구 정릉로9라길 11,"(정릉동,서울청덕초등학교)",37.6120325272238,127.000335246795,02-914-8740,02-914-8557,http://cheongdeok.sen.es.kr,남녀공학,both,127.0004000,37.6120321
서울특별시교육청,서울특별시성북강북교육지원청,서울특별시 강북구,S010002325,서울화계초등학교,2,공립,N,,45.0,46.0,51.0,45.0,44.0,63.0,65.0,50.0,65.0,64.0,73.0,57.0,7.0,4.0,0.0,0.0,350.0,329.0,679.0,,N,단설,주간,19671021,19670915,1130510100,서울특별시 강북구 미아동,127-2번지(화계새싹길 23-3).,142808,1158,서울특별시 강북구 솔매로50가길 25,(미아동),37.6238857893772,127.029714831188,02-986-7782,02-986-7784,http://hwagye.sen.es.kr,남녀공학,both,127.0291320,37.6241861
서울특별시교육청,서울특별시성북강북교육지원청,서울특별시 성북구,S010002326,성신초등학교,2,사립,N,,42.0,42.0,43.0,41.0,41.0,46.0,44.0,39.0,32.0,42.0,26.0,34.0,0.0,0.0,0.0,0.0,228.0,244.0,472.0,,N,단설,주간,19650428,19650308,1129010300,서울특별시 성북구 돈암동,산11-269번지.,136060,2840,서울특별시 성북구 북악산로 918,"(돈암동,성신초등학교)",37.593866,127.0233,02-921-1812,02-921-1815,http://sungshin.sen.es.kr,남녀공학,both,127.0233603,37.5937227
서울특별시교육청,서울특별시성북강북교육지원청,서울특별시 강북구,S010002327,영훈초등학교,2,사립,N,,57.0,57.0,57.0,58.0,56.0,57.0,56.0,59.0,56.0,56.0,57.0,56.0,0.0,0.0,0.0,0.0,339.0,343.0,682.0,,N,단설,주간,19650925,19650925,1130510100,서울특별시 강북구 미아동,471-2번지.,142709,1211,서울특별시 강북구 도봉로13가길 19,"(미아동,학교법인영훈학원)",37.613195,127.027881,02-944-3600,02-982-5911,http://www.younghoon.es.kr,남녀공학,both,127.0277403,37.6135724
서울특별시교육청,서울특별시성북강북교육지원청,서울특별시 성북구,S010002328,우촌초등학교,2,사립,N,,58.0,56.0,56.0,56.0,55.0,52.0,55.0,40.0,26.0,24.0,33.0,33.0,0.0,0.0,0.0,0.0,283.0,261.0,544.0,,N,단설,주간,19650415,19650324,1129010300,서울특별시 성북구 돈암동,609.,136062,2831,서울특별시 성북구 성북로4길 52-1,"(돈암동,우촌초등학교)",37.59552,127.0114,02-929-1671,02-925-4486,http://www.uchon.es.kr,남녀공학,both,127.0114163,37.5956423
서울특별시교육청,서울특별시강남서초교육지원청,서울특별시 서초구,S010002365,계성초등학교,2,사립,N,,58.0,57.0,59.0,56.0,57.0,59.0,57.0,63.0,61.0,58.0,55.0,65.0,0.0,0.0,0.0,0.0,347.0,358.0,705.0,,N,단설,주간,18820908,18820908,1165010700,서울특별시 서초구 반포동,6-1.,137040,6504,서울특별시 서초구 신반포로19길 23,", 계성초등학교 (반포동)",37.5049147320784,126.996824235274,02-590-5500,02-590-5555,http://www.gyeseong1882.es.kr,남녀공학,both,126.9969714,37.5047439
서울특별시교육청,서울특별시중부교육지원청,서울특별시 중구,S010002366,동산초등학교,2,사립,N,,45.0,45.0,45.0,45.0,46.0,50.0,45.0,49.0,48.0,47.0,49.0,46.0,0.0,0.0,0.0,0.0,278.0,282.0,560.0,,N,단설,주간,19660310,19660310,1114016200,서울특별시 중구 신당동,333-579번지.,100826,4592,서울특별시 중구 매봉18길 109,", 동산초등학교 (신당동)",37.55620580056,127.01672719192,02-2252-7654,02-2252-6558,http://seoul-dongsan.sen.es.kr,남녀공학,both,127.0168009,37.5562418
서울특별시교육청,서울특별시중부교육지원청,서울특별시 중구,S010002367,리라초등학교,2,사립,N,,43.0,44.0,43.0,41.0,37.0,47.0,43.0,41.0,39.0,42.0,29.0,31.0,0.0,0.0,0.0,0.0,234.0,246.0,480.0,,N,단설,주간,19650520,19650520,1114014200,서울특별시 중구 예장동,8번지.,100250,4628,서울특별시 중구 소파로2길 7,(예장동),37.5576514,126.9881018,02-777-7461,02-774-2900,http://www.lila.es.kr,남녀공학,both,126.9881018,37.5576514
서울특별시교육청,서울특별시중부교육지원청,서울특별시 종로구,S010002368,상명대학교사범대학부속초등학교,2,사립,N,,29.0,32.0,29.0,33.0,32.0,29.0,23.0,32.0,23.0,25.0,20.0,25.0,0.0,0.0,0.0,0.0,156.0,176.0,332.0,,N,부속,주간,19660517,19660312,1111018500,서울특별시 종로구 홍지동,7번지 상명사대부속초등학교.,110743,3015,서울특별시 종로구 홍지문2길 1,"(홍지동, 상명초등학교)",37.6004414644077,126.956714578019,02-379-8033,02-379-2057,http://sangmyung-ae.sen.es.kr,남녀공학,both,126.9564213,37.6008291
서울특별시교육청,서울특별시중부교육지원청,서울특별시 중구,S010002369,서울광희초등학교,2,공립,N,,30.0,25.0,18.0,20.0,21.0,18.0,15.0,28.0,18.0,23.0,32.0,20.0,0.0,0.0,0.0,0.0,134.0,134.0,268.0,,N,병설,주간,19001101,18950719,1114016200,서울특별시 중구 신당동,254번지.,04569,4569,서울특별시 중구 다산로 269,"(신당동,광희초등학교)",37.5672990141924,127.015688312386,02-2238-8455,02-2236-8349,http://gwanghee.sen.es.kr,남녀공학,both,127.0150178,37.5675523
서울특별시교육청,서울특별시중부교육지원청,서울특별시 종로구,S010002370,서울교동초등학교,2,공립,N,,20.0,16.0,17.0,12.0,7.0,11.0,16.0,18.0,14.0,13.0,23.0,9.0,2.0,0.0,0.0,0.0,99.0,79.0,178.0,,N,단설,주간,18940918,18940918,1111013400,서울특별시 종로구 경운동,2번지.,110310,3132,서울특별시 종로구 삼일대로 446,(경운동),37.574871,126.988115,02-765-2884,02-765-9876,http://kyodong.sen.es.kr,남녀공학,both,126.9881563,37.5748357
서울특별시교육청,서울특별시중부교육지원청,서울특별시 용산구,S010002371,서울금양초등학교,2,공립,N,,58.0,62.0,52.0,61.0,56.0,60.0,60.0,46.0,54.0,46.0,62.0,60.0,5.0,2.0,0.0,0.0,347.0,337.0,684.0,,N,단설,주간,19150910,19150910,1117011900,서울특별시 용산구 효창동,126번지.,140897,4318,서울특별시 용산구 효창원로 137,", 서울금양초등학교 (효창동)",37.5409415031777,126.96183176046,02-704-2901,02-713-0738,http://keumyang.sen.es.kr,남녀공학,both,126.9611393,37.5407873
서울특별시교육청,서울특별시중부교육지원청,서울특별시 중구,S010002372,서울남산초등학교,2,공립,N,,18.0,20.0,25.0,20.0,9.0,24.0,17.0,23.0,15.0,14.0,11.0,15.0,6.0,1.0,0.0,0.0,101.0,117.0,218.0,,N,단설,주간,19451101,19451101,1114012900,서울특별시 중구 남산동2가,2번지.,100042,4629,서울특별시 중구 퇴계로22길 17,", 서울남산초등학교 (남산동2가)",37.559945,126.986644,02-2097-9500,02-773-6435,http://namsan.sen.es.kr,남녀공학,both,126.9867875,37.5598000
서울특별시교육청,서울특별시중부교육지원청,서울특별시 용산구,S010002373,서울남정초등학교,2,공립,N,,16.0,30.0,24.0,33.0,21.0,16.0,25.0,27.0,39.0,22.0,33.0,21.0,2.0,2.0,0.0,0.0,160.0,151.0,311.0,,N,단설,주간,19451101,19451101,1117011300,서울특별시 용산구 원효로2가,54번지.,140905,4368,서울특별시 용산구 원효로64길 17-10,", 서울남정초등학교 (원효로2가)",37.5360588,126.9649883,02-712-8938,02-718-0108,http://seoul-nj.sen.es.kr,남녀공학,both,126.9650126,37.5365099
서울특별시교육청,서울특별시중부교육지원청,서울특별시 중구,S010002375,서울덕수초등학교,2,공립,N,,55.0,39.0,36.0,37.0,41.0,50.0,43.0,30.0,24.0,34.0,33.0,32.0,2.0,1.0,0.0,0.0,234.0,223.0,457.0,,N,병설,주간,19120401,19120401,1114016700,서울특별시 중구 정동,1-76번지.,100120,4519,서울특별시 중구 덕수궁길 140,", 서울덕수초등학교 (정동)",37.5690885161021,126.974658128526,02-735-7225,02-720-9104,http://deoksoo.sen.es.kr,남녀공학,both,126.9745640,37.5686264
서울특별시교육청,서울특별시중부교육지원청,서울특별시 종로구,S010002376,서울독립문초등학교,2,공립,N,,37.0,51.0,32.0,36.0,31.0,42.0,34.0,40.0,29.0,54.0,36.0,40.0,5.0,1.0,0.0,0.0,204.0,264.0,468.0,,N,단설,주간,19570928,19570928,1111018700,서울특별시 종로구 무악동,46-82.,110813,3025,서울특별시 종로구 통일로12길 23,(무악동),37.5742165182628,126.959971859682,02-737-4684,02-723-4360,http://dnm.sen.es.kr,남녀공학,both,126.9601562,37.5741208
서울특별시교육청,서울특별시중부교육지원청,서울특별시 종로구,S010002377,서울매동초등학교,2,공립,N,,15.0,12.0,15.0,11.0,9.0,15.0,19.0,23.0,15.0,14.0,18.0,26.0,1.0,1.0,0.0,0.0,92.0,102.0,194.0,,N,단설,주간,18951115,18951115,1111011300,서울특별시 종로구 필운동,32번지.,110044,3027,서울특별시 종로구 사직로9길 19,", 서울매동초등학교 (필운동)",37.577355,126.96689,02-737-4263,02-723-5483,http://maedong.sen.es.kr,남녀공학,both,126.9669097,37.5774750
서울특별시교육청,서울특별시중부교육지원청,서울특별시 종로구,S010002378,서울명신초등학교,2,공립,N,,21.0,19.0,27.0,31.0,29.0,25.0,35.0,33.0,18.0,13.0,25.0,25.0,4.0,2.0,0.0,0.0,159.0,148.0,307.0,,N,단설,주간,19711006,19711006,1111017400,서울특별시 종로구 창신동,7-40번지.,110861,3093,서울특별시 종로구 낙산길 250,(창신동),37.5814519764078,127.014622553708,02-766-1415,02-747-0751,http://myungshin.sen.es.kr,남녀공학,both,127.0141210,37.5813273
서울특별시교육청,서울특별시중부교육지원청,서울특별시 용산구,S010002379,서울보광초등학교,2,공립,N,,21.0,23.0,23.0,16.0,19.0,19.0,25.0,19.0,26.0,19.0,18.0,17.0,3.0,2.0,0.0,0.0,135.0,115.0,250.0,,N,단설,주간,19620622,19620622,1117013000,서울특별시 용산구 이태원동,15-13번지.,140858,4407,서울특별시 용산구 우사단로 20,"(이태원동,보광초등학교)",37.5325394797018,126.996393137123,02-795-2549,02-792-4740,http://bogwang.sen.es.kr,남녀공학,both,126.9967117,37.5327423
서울특별시교육청,서울특별시중부교육지원청,서울특별시 중구,S010002380,서울봉래초등학교,2,공립,N,,47.0,32.0,27.0,24.0,36.0,34.0,45.0,36.0,32.0,27.0,36.0,27.0,7.0,5.0,0.0,0.0,230.0,185.0,415.0,,N,단설,주간,18950918,18950918,1114017400,서울특별시 중구 만리동2가,2번지.,100372,4501,서울특별시 중구 손기정로 73,(만리동2가),37.556410903396,126.965250804999,02-392-5469,02-362-5506,http://seoul-bongrae.sen.es.kr,남녀공학,both,126.9641106,37.5565612
서울특별시교육청,서울특별시중부교육지원청,서울특별시 용산구,S010002381,서울삼광초등학교,2,공립,N,,41.0,30.0,35.0,32.0,38.0,34.0,34.0,36.0,32.0,37.0,38.0,29.0,3.0,3.0,0.0,0.0,221.0,201.0,422.0,,N,단설,주간,19451101,19451101,1117010100,서울특별시 용산구 후암동,190-2.,04335,4335,서울특별시 용산구 두텁바위로1나길 19,", 서울삼광초등학교 (후암동)",37.547386,126.976804,02-754-0251,02-754-7785,http://seoulsamkwang.sen.es.kr,남녀공학,both,126.9768814,37.5473351
서울특별시교육청,서울특별시중부교육지원청,서울특별시 용산구,S010002382,서울서빙고초등학교,2,공립,N,,28.0,20.0,33.0,22.0,26.0,33.0,31.0,41.0,38.0,45.0,40.0,50.0,8.0,4.0,0.0,0.0,204.0,215.0,419.0,,N,병설,주간,19451101,19451101,1117013300,서울특별시 용산구 서빙고동,235번지.,140240,4384,서울특별시 용산구 서빙고로51길 14,", 서울서빙고초등학교 (서빙고동)",37.52142,126.99166,02-795-2435,02-790-0627,http://seobinggo.sen.es.kr,남녀공학,both,126.9922356,37.5212896
서울특별시교육청,서울특별시중부교육지원청,서울특별시 종로구,S010002383,서울세검정초등학교,2,공립,N,,76.0,60.0,68.0,78.0,59.0,62.0,83.0,77.0,67.0,54.0,91.0,86.0,2.0,3.0,0.0,0.0,446.0,420.0,866.0,,N,단설,주간,19481124,19481124,1111018600,서울특별시 종로구 신영동,219-4번지.,110831,3014,서울특별시 종로구 세검정로9길 1,"(신영동,서울세검정초등학교)",37.6034702766566,126.960970875102,02-379-3004,02-394-9379,http://segumjung.sen.es.kr,남녀공학,both,126.9610221,37.6034138
서울특별시교육청,서울특별시성동광진교육지원청,서울특별시 성동구,S010002384,서울숭신초등학교,2,공립,N,,79.0,79.0,82.0,88.0,86.0,65.0,73.0,69.0,57.0,63.0,58.0,61.0,6.0,2.0,0.0,0.0,441.0,427.0,868.0,,N,단설,주간,19590403,19590403,1120010200,서울특별시 성동구 하왕십리동,242-1.,133855,4702,서울특별시 성동구 마장로 161,(하왕십리동),37.5679207,127.0277146,02-2252-5950,02-2236-6134,http://soongshin.sen.es.kr,남녀공학,both,127.0278272,37.5679349
서울특별시교육청,서울특별시중부교육지원청,서울특별시 용산구,S010002385,서울신용산초등학교,2,공립,N,,146.0,109.0,134.0,118.0,119.0,106.0,146.0,120.0,135.0,110.0,119.0,113.0,6.0,2.0,0.0,0.0,805.0,678.0,1483.0,,N,단설,주간,19680925,19680925,1117012900,서울특별시 용산구 이촌동,301-75번지.,140906,4423,서울특별시 용산구 이촌로 255,", 301-75번지 (이촌동)",37.5206293227974,126.975366825838,02-793-2807,02-790-3382,http://sys.sen.es.kr,남녀공학,both,126.9758833,37.5204878
서울특별시교육청,서울특별시중부교육지원청,서울특별시 용산구,S010002386,서울용산초등학교,2,공립,N,,48.0,38.0,40.0,35.0,24.0,20.0,33.0,27.0,25.0,25.0,25.0,20.0,1.0,1.0,0.0,0.0,196.0,166.0,362.0,,N,단설,주간,19451101,19451101,1117012500,서울특별시 용산구 한강로2가,1.,140012,4375,서울 용산구 한강대로57길 33,"(한강로2가,용산초등학교)",37.5356141639681,126.972551416268,02-795-0782,02-793-4707,http://yongsan.sen.es.kr,남녀공학,both,126.9725506,37.5356168
서울특별시교육청,서울특별시중부교육지원청,서울특별시 용산구,S010002387,서울용암초등학교,2,공립,N,,9.0,6.0,7.0,9.0,6.0,8.0,7.0,10.0,18.0,9.0,17.0,16.0,0.0,1.0,0.0,0.0,64.0,59.0,123.0,,N,단설,주간,19650926,19650926,1117010200,서울특별시 용산구 용산동2가,5-1488번지.,140834,4341,서울특별시 용산구 녹사평대로60길 39,"(용산동2가, 용암초등학교)",37.5448696,126.9891625,02-796-2167,02-796-0457,http://yongam.sen.es.kr,남녀공학,both,126.9895463,37.5453372
서울특별시교육청,서울특별시중부교육지원청,서울특별시 용산구,S010002388,서울원효초등학교,2,공립,N,,36.0,50.0,35.0,41.0,40.0,48.0,40.0,47.0,53.0,50.0,43.0,52.0,4.0,1.0,0.0,0.0,251.0,289.0,540.0,,N,단설,주간,19821207,19830511,1117011500,서울특별시 용산구 산천동,산 4-2번지.,04357,4357,서울특별시 용산구 효창원로13길 38,", 서울원효초등학교 (산천동,원효초등학교)",37.5361624303642,126.951547125694,02-716-4424,02-718-8066,http://wonhyo.sen.es.kr,남녀공학,both,126.9516640,37.5362266
서울특별시교육청,서울특별시중부교육지원청,서울특별시 용산구,S010002389,서울이태원초등학교,2,공립,N,,19.0,25.0,16.0,16.0,16.0,20.0,22.0,18.0,16.0,23.0,23.0,28.0,5.0,1.0,0.0,0.0,117.0,131.0,248.0,,N,단설,주간,19430501,19430501,1117013000,서울특별시 용산구 이태원동,406번지.,140202,4345,서울특별시 용산구 녹사평대로40길 19,"(이태원동,이태원초등학교)",373210.5,1265917.1,02-795-2809,02-798-6175,http://itaewon.sen.es.kr,남녀공학,both,126.9881301,37.5361201
서울특별시교육청,서울특별시중부교육지원청,서울특별시 중구,S010002390,서울장충초등학교,2,공립,N,,30.0,30.0,21.0,27.0,21.0,24.0,38.0,33.0,34.0,32.0,30.0,29.0,4.0,0.0,0.0,0.0,178.0,175.0,353.0,,N,단설,주간,19531021,19531021,1114016200,서울특별시 중구 신당동,386.,100450,4609,서울특별시 중구 청구로17길 40,", 서울장충초등학교 (신당동)",37.5599725739053,127.011702832988,02-2238-9091,02-2237-9346,http://jangchung.sen.es.kr,남녀공학,both,127.0113184,37.5598949
서울특별시교육청,서울특별시중부교육지원청,서울특별시 종로구,S010002391,서울재동초등학교,2,공립,N,,28.0,28.0,10.0,15.0,17.0,15.0,14.0,16.0,16.0,32.0,21.0,18.0,0.0,0.0,0.0,0.0,106.0,124.0,230.0,,N,단설,주간,18950930,18950830,1111014600,서울특별시 종로구 가회동,210번지.,110260,3056,서울특별시 종로구 북촌로4길 7,", 서울재동초등학교 (가회동)",37.5800283814399,126.985178474132,02-763-1812,02-765-9421,http://jaedong.sen.es.kr,남녀공학,both,126.9857080,37.5799290
서울특별시교육청,서울특별시중부교육지원청,서울특별시 종로구,S010002392,서울창신초등학교,2,공립,N,,27.0,34.0,24.0,26.0,27.0,23.0,46.0,21.0,44.0,36.0,43.0,39.0,4.0,4.0,0.0,0.0,215.0,183.0,398.0,,N,단설,주간,19160520,19160520,1111017400,서울특별시 종로구 창신동,128번지.,110838,3103,서울특별시 종로구 지봉로 73,", 서울창신초등학교 (창신동)",37.5762118350141,127.014295499219,02-763-3160,02-764-8826,http://chang-shin.sen.es.kr,남녀공학,both,127.0145551,37.5760844
서울특별시교육청,서울특별시중부교육지원청,서울특별시 중구,S010002393,서울청구초등학교,2,공립,N,,49.0,32.0,46.0,40.0,53.0,37.0,58.0,49.0,38.0,60.0,44.0,56.0,7.0,1.0,0.0,0.0,295.0,275.0,570.0,,N,단설,주간,19451101,19370901,1114016200,서울특별시 중구 신당동,330-2번지.,100825,4589,서울특별시 중구 다산로 170,"(신당동,청구초등학교)",37.558493,127.013917,02-2252-1866,02-2233-5943,http://cheonggu.sen.es.kr,남녀공학,both,127.0143291,37.5587951
서울특별시교육청,서울특별시중부교육지원청,서울특별시 종로구,S010002394,서울청운초등학교,2,공립,N,,39.0,32.0,37.0,37.0,34.0,36.0,41.0,45.0,52.0,29.0,46.0,41.0,5.0,1.0,0.0,0.0,254.0,221.0,475.0,,N,단설,주간,19230401,19230401,1111010100,서울특별시 종로구 청운동,123번지.,03032,3032,서울특별시 종로구 자하문로 105,", 청운초등학교 (청운동)",37.6,127.0,02-737-0218,02-722-0984,http://chungwoon.sen.es.kr,남녀공학,both,126.9694729,37.5859506
서울특별시교육청,서울특별시중부교육지원청,서울특별시 용산구,S010002395,서울청파초등학교,2,공립,N,,25.0,32.0,36.0,31.0,27.0,34.0,38.0,32.0,22.0,31.0,22.0,34.0,6.0,0.0,0.0,0.0,176.0,194.0,370.0,,N,단설,주간,19430924,19430120,1117011000,서울특별시 용산구 청파동2가,1-42번지.,140132,4306,서울특별시 용산구 효창원로 228,", 서울청파초등학교 (청파동2가)",37.547495,126.96417,02-701-3242,02-3272-9047,http://s-cheongpa.sen.es.kr,남녀공학,both,126.9642522,37.5479929
서울특별시교육청,서울특별시중부교육지원청,서울특별시 중구,S010002396,서울충무초등학교,2,공립,N,,19.0,11.0,15.0,10.0,16.0,11.0,16.0,23.0,20.0,12.0,24.0,30.0,0.0,1.0,0.0,0.0,110.0,98.0,208.0,,N,단설,주간,19570428,19570428,1114014400,서울특별시 중구 장충동2가,173-7.,100855,4618,서울 중구 퇴계로50길 13,"(장충동2가,충무초등학교)",37.5619481324166,127.001235960452,02-2279-4697,02-2267-8998,http://seoulchungmu.sen.es.kr,남녀공학,both,127.0018318,37.5618861
서울특별시교육청,서울특별시중부교육지원청,서울특별시 용산구,S010002397,서울한강초등학교,2,공립,N,,19.0,16.0,23.0,22.0,22.0,12.0,12.0,16.0,23.0,18.0,20.0,17.0,4.0,2.0,0.0,0.0,123.0,103.0,226.0,,N,단설,주간,19600714,19590331,1117012800,서울특별시 용산구 한강로3가,65-5.,140883,4388,서울특별시 용산구 한강대로14길 9,", 서울한강초등학교 (한강로3가)",37.5252254518279,126.965097846024,02-795-0584,02-790-1706,http://hangang.sen.es.kr,남녀공학,both,126.9650902,37.5252470
서울특별시교육청,서울특별시중부교육지원청,서울특별시 용산구,S010002398,서울한남초등학교,2,공립,N,,33.0,35.0,24.0,25.0,21.0,15.0,23.0,20.0,26.0,23.0,23.0,23.0,3.0,1.0,0.0,0.0,153.0,142.0,295.0,,N,병설,주간,19060923,19210509,1117013100,서울특별시 용산구 한남동,726-1번지.,140894,4418,서울특별시 용산구 한남대로 112,", 서울한남초등학교 (한남동)",37.5392032028003,127.005598602765,02-749-2371,02-749-2374,http://hannam.sen.es.kr,남녀공학,both,127.0049009,37.5394027
서울특별시교육청,서울특별시중부교육지원청,서울특별시 종로구,S010002399,서울혜화초등학교,2,공립,N,,31.0,35.0,43.0,50.0,42.0,36.0,43.0,43.0,38.0,56.0,56.0,54.0,4.0,1.0,0.0,0.0,257.0,275.0,532.0,,N,병설,주간,19100125,19100125,1111016900,서울특별시 종로구 혜화동,13-1.,110530,3067,서울특별시 종로구 혜화로 32,", 서울혜화초등학교 (혜화동)",37.5886355989345,127.000253620843,02-762-6437,02-762-0412,http://hyehwa.sen.es.kr,남녀공학,both,126.9998636,37.5891393
서울특별시교육청,서울특별시중부교육지원청,서울특별시 종로구,S010002400,서울효제초등학교,2,공립,N,,15.0,10.0,14.0,11.0,10.0,13.0,24.0,16.0,20.0,13.0,26.0,13.0,2.0,2.0,0.0,0.0,111.0,78.0,189.0,,N,단설,주간,18951115,18951115,1111016200,서울특별시 종로구 효제동,255-4번지.,110851,3126,서울특별시 종로구 대학로 12,", 서울효제초등학교 (효제동)",37.572687957551,127.00349107082,02-762-4279,02-764-5393,https://hyoje.sen.es.kr/,남녀공학,both,127.0030305,37.5731207
서울특별시교육청,서울특별시중부교육지원청,서울특별시 용산구,S010002401,서울후암초등학교,2,공립,N,,23.0,24.0,20.0,18.0,20.0,26.0,32.0,22.0,27.0,17.0,30.0,27.0,9.0,1.0,0.0,0.0,161.0,135.0,296.0,,N,단설,주간,19491008,19670301,1117010100,서울특별시 용산구 후암동,339번지.,140190,4328,서울특별시 용산구 두텁바위로 140,", 서울후암초등학교 (후암동)",37.5513654106026,126.981725762808,02-779-3936,02-779-7084,http://huam.sen.es.kr,남녀공학,both,126.9823408,37.5512765
서울특별시교육청,서울특별시중부교육지원청,서울특별시 중구,S010002402,서울흥인초등학교,2,공립,N,,32.0,27.0,23.0,36.0,37.0,38.0,29.0,22.0,32.0,36.0,31.0,21.0,3.0,2.0,0.0,0.0,187.0,182.0,369.0,,N,단설,주간,19461114,19461114,1114016200,서울특별시 중구 신당동,292-66.,100456,4586,서울특별시 중구 청구로6길 11,"(신당동,흥인초등학교)",37.6,127.0,02-2235-4092,02-2232-0795,http://heungin.sen.es.kr,남녀공학,both,127.0147097,37.5609544
서울특별시교육청,서울특별시중부교육지원청,서울특별시 중구,S010002403,숭의초등학교,2,사립,N,,42.0,42.0,45.0,45.0,46.0,50.0,42.0,49.0,40.0,43.0,44.0,46.0,0.0,0.0,0.0,0.0,259.0,275.0,534.0,,N,단설,주간,19660225,19660225,1114014200,서울특별시 중구 예장동,8-3.,100250,4628,서울특별시 중구 소파로2길 10,", 숭의초등학교 (예장동)",37.556283,126.987979,02-3708-9401,02-3708-9404,http://soongeui.sen.es.kr,남녀공학,both,126.9875210,37.5570678
서울특별시교육청,서울특별시중부교육지원청,서울특별시 용산구,S010002404,신광초등학교,2,사립,N,,28.0,30.0,32.0,32.0,32.0,32.0,34.0,30.0,32.0,31.0,24.0,30.0,0.0,0.0,0.0,0.0,182.0,185.0,367.0,,N,단설,주간,19641126,19641126,1117011100,서울특별시 용산구 청파동3가,100번지.,140133,4313,서울특별시 용산구 청파로 263,", 신광초등학교 청파동 3가 100 (청파동3가)",37.542655,126.970215,02-710-7900,02-703-6910,http://www.shinkwang.es.kr,남녀공학,both,126.9696247,37.5428557
서울특별시교육청,서울특별시중부교육지원청,서울특별시 종로구,S010002405,운현초등학교,2,사립,N,,15.0,16.0,13.0,16.0,15.0,15.0,14.0,16.0,18.0,11.0,14.0,16.0,0.0,0.0,0.0,0.0,89.0,90.0,179.0,,N,단설,주간,19860304,19860304,1111013200,서울특별시 종로구 운니동,114번지.,110350,3131,서울특별시 종로구 삼일대로 460,"(운니동,운현초등학교)",37.57613,126.98827,02-765-0895,02-745-4206,http://unhyun.sen.es.kr,남녀공학,both,126.9883099,37.5761613
서울특별시교육청,서울특별시강서양천교육지원청,서울특별시 양천구,S010002495,서울신기초등학교,2,공립,N,,33.0,43.0,38.0,30.0,36.0,28.0,34.0,47.0,44.0,35.0,36.0,35.0,2.0,1.0,0.0,0.0,223.0,219.0,442.0,,N,단설,주간,20001002,20000502,1147010100,서울특별시 양천구 신정동,1274번지.,158073,8106,서울특별시 양천구 신정로 292,"(신정동,서울신기초등학교)",37.5113120448585,126.8542145709,02-2601-1594,02-2601-8363,http://singi.sen.es.kr,남녀공학,both,126.8543776,37.5113258
서울특별시교육청,서울특별시남부교육지원청,서울특별시 금천구,S010005177,서울금동초등학교,2,공립,N,,70.0,53.0,52.0,54.0,56.0,56.0,67.0,76.0,50.0,75.0,67.0,77.0,1.0,2.0,0.0,0.0,363.0,393.0,756.0,,N,단설,주간,20030528,20030301,1154510300,서울특별시 금천구 시흥동,1013-1.,153032,8645,서울특별시 금천구 금하로30길 53,", 서울금동초등학교 (시흥동)",37.4477395655517,126.916399059049,02-809-2125,02-809-2130,http://geumdong.sen.es.kr/,남녀공학,both,126.9164656,37.4477688
서울특별시교육청,서울특별시북부교육지원청,서울특별시 노원구,S010005178,서울덕암초등학교,2,공립,N,,42.0,42.0,45.0,50.0,42.0,40.0,54.0,35.0,45.0,52.0,45.0,42.0,0.0,0.0,0.0,0.0,273.0,261.0,534.0,,N,단설,주간,20030501,20030106,1135010500,서울특별시 노원구 상계동,1274번지(불암7길 46).,139200,1645,서울특별시 노원구 덕릉로112길 68,", 서울덕암초등학교 (상계동)",37.6666220971656,127.081461120965,02-3392-0058,02-3392-0686,http://deokam.sen.es.kr,남녀공학,both,127.0813434,37.6665061
서울특별시교육청,서울특별시동작관악교육지원청,서울특별시 관악구,S010005179,서울봉현초등학교,2,공립,N,,76.0,65.0,62.0,64.0,64.0,61.0,62.0,60.0,76.0,63.0,74.0,77.0,6.0,1.0,0.0,0.0,420.0,391.0,811.0,,N,단설,주간,20030527,20030106,1162010100,서울특별시 관악구 봉천동,1704번지.,08723,8723,서울특별시 관악구 성현로 117,"(봉천동,서울봉현초등학교)",37.4912399617768,126.95558810924,02-885-1985,02-885-1996,http://bonghyun.sen.es.kr,남녀공학,both,126.9552516,37.4911218
서울특별시교육청,서울특별시성동광진교육지원청,서울특별시 광진구,S010005203,서울광진초등학교,2,공립,N,,55.0,54.0,44.0,54.0,54.0,51.0,52.0,40.0,49.0,50.0,56.0,38.0,4.0,1.0,0.0,0.0,314.0,288.0,602.0,,N,단설,주간,20030901,20030901,1121510300,서울특별시 광진구 구의동,60-44번지.,143818,4980,서울특별시 광진구 자양로40길 41,", 서울광진초등학교 (구의동)",37.5476121791782,127.091334909643,02-458-4693,02-458-6852,http://gwangjin.sen.es.kr,남녀공학,both,127.0913325,37.5476114
서울특별시교육청,서울특별시서부교육지원청,서울특별시 은평구,S010005213,서울연광초등학교,2,공립,N,,15.0,18.0,14.0,15.0,11.0,14.0,32.0,20.0,16.0,22.0,24.0,32.0,8.0,2.0,0.0,0.0,120.0,123.0,243.0,,N,단설,주간,20040301,20040301,1138010300,서울특별시 은평구 불광동,400-6.,122866,3342,서울특별시 은평구 연서로35길 37,", 서울연광초등학교 (불광동)",37.6236487609865,126.923909798146,02-353-5141,02-353-5136,http://yeonkwang.sen.es.kr,남녀공학,both,126.9244375,37.6239946
서울특별시교육청,서울특별시남부교육지원청,서울특별시 구로구,S010005214,서울고원초등학교,2,공립,N,,45.0,60.0,50.0,51.0,50.0,59.0,55.0,46.0,42.0,56.0,55.0,46.0,0.0,0.0,0.0,0.0,297.0,318.0,615.0,,N,단설,주간,20040501,20040301,1153010600,서울특별시 구로구 고척동,66-26번지.,152080,8275,서울특별시 구로구 경인로46길 13,"(고척동, 서울고원초등학교)",37.4976124809721,126.865798589384,02-2066-0960,02-2066-2544,http://gowon.sen.es.kr,남녀공학,both,126.8657277,37.4975036
서울특별시교육청,서울특별시북부교육지원청,서울특별시 도봉구,S010005215,서울가인초등학교,2,공립,N,,34.0,46.0,37.0,34.0,32.0,29.0,47.0,28.0,35.0,25.0,41.0,35.0,10.0,3.0,0.0,0.0,236.0,200.0,436.0,,N,단설,주간,20040514,20031230,1132010700,서울특별시 도봉구 창동,224-20번지.,01397,1397,서울특별시 도봉구 도봉로136다길 4,"(창동,가인초등학교)",37.6599068,127.0431592,02-997-5826,02-997-5829,http://seoulgain.sen.es.kr,남녀공학,both,127.0429647,37.6597345
서울특별시교육청,서울특별시동부교육지원청,서울특별시 중랑구,S010005236,서울묵현초등학교,2,공립,N,,43.0,42.0,47.0,47.0,42.0,40.0,44.0,38.0,40.0,43.0,53.0,34.0,10.0,2.0,0.0,0.0,279.0,246.0,525.0,,N,단설,주간,20041029,20040901,1126010400,서울특별시 중랑구 묵동,242-55번지.,131852,2008,서울특별시 중랑구 동일로157길 75,", 묵현초등학교",37.6090795027077,127.073692481322,02-977-9462,02-977-9179,http://mh.sen.es.kr,남녀공학,both,127.0739109,37.6090736
서울특별시교육청,서울특별시성동광진교육지원청,서울특별시 광진구,S010005241,서울양진초등학교,2,공립,N,,104.0,115.0,102.0,101.0,126.0,138.0,126.0,131.0,140.0,124.0,134.0,139.0,0.0,0.0,0.0,0.0,732.0,748.0,1480.0,,N,단설,주간,20050506,20050301,1121510400,서울특별시 광진구 광장동,워커힐길 32.,143210,4982,서울특별시 광진구 워커힐로 32,"(광장동,양진초중학교)",37.5443,127.09821,02-454-9071,02-454-9957,http://yjs.sen.es.kr,남녀공학,both,127.0983487,37.5450433
서울특별시교육청,서울특별시성동광진교육지원청,서울특별시 성동구,S010005244,서울마장초등학교,2,공립,N,,37.0,43.0,40.0,30.0,37.0,39.0,35.0,53.0,40.0,42.0,34.0,47.0,0.0,0.0,0.0,0.0,223.0,254.0,477.0,,N,단설,주간,20050301,20050301,1120010500,서울특별시 성동구 마장동,766-49 서울마장초등학교.,04753,4753,서울특별시 성동구 마장로35나길 31,", 서울마장초등학교 (마장동)",37.567816,127.042519,02-2152-7900,02-2292-3835,http://majang.sen.es.kr,남녀공학,both,127.0419125,37.5687500
서울특별시교육청,서울특별시서부교육지원청,서울특별시 은평구,S010005247,서울서신초등학교,2,공립,N,,40.0,36.0,35.0,30.0,37.0,41.0,52.0,32.0,39.0,38.0,58.0,43.0,4.0,0.0,0.0,0.0,265.0,220.0,485.0,,N,병설,주간,20050428,20050301,1138010900,서울특별시 은평구 신사동,194.,122887,3444,서울특별시 은평구 은평터널로 150,(신사동),37.5923108,126.9074411,02-380-0000,02-3152-0706,http://susin.sen.es.kr,남녀공학,both,126.9074776,37.5924222
서울특별시교육청,서울특별시성북강북교육지원청,서울특별시 성북구,S010005249,서울석계초등학교,2,공립,N,,31.0,37.0,42.0,40.0,42.0,39.0,39.0,37.0,50.0,42.0,40.0,41.0,0.0,0.0,0.0,0.0,244.0,236.0,480.0,,N,단설,주간,20050603,20050301,1129013900,서울특별시 성북구 석관동,27-3번지.,136150,2780,서울특별시 성북구 한천로58길 273,(석관동),37.6088152159813,127.069732855451,02-964-9578,02-964-9580,http://sukgye.sen.es.kr,남녀공학,both,127.0698625,37.6088321
서울특별시교육청,서울특별시동작관악교육지원청,서울특별시 동작구,S010005251,서울보라매초등학교,2,공립,N,,113.0,123.0,117.0,126.0,92.0,105.0,135.0,108.0,104.0,136.0,132.0,139.0,8.0,0.0,0.0,0.0,701.0,737.0,1438.0,,N,단설,주간,20050506,20050301,1159010900,서울특별시 동작구 신대방동,488-1.,156850,7063,서울특별시 동작구 여의대방로16길 30,", 서울보라매초등학교 (신대방동)",37.4958533304349,126.91614642859,02-836-3001,02-836-5002,http://boramae.sen.es.kr,남녀공학,both,126.9160900,37.4959000
서울특별시교육청,서울특별시강서양천교육지원청,서울특별시 강서구,S010005253,서울염경초등학교,2,공립,N,,74.0,64.0,65.0,74.0,88.0,64.0,84.0,67.0,74.0,80.0,99.0,72.0,2.0,2.0,0.0,0.0,486.0,423.0,909.0,,N,단설,주간,20051026,20050901,1150010100,서울특별시 강서구 염창동,79.,157040,7535,서울특별시 강서구 양천로69길 49,"(염창동,서울염경초등학교)",37.5550704,126.8713194,02-3662-0773,02-3662-2059,http://yeomkyoung.sen.es.kr,남녀공학,both,126.8713194,37.5550704
서울특별시교육청,서울특별시남부교육지원청,서울특별시 영등포구,S010005254,서울영문초등학교,2,공립,N,,103.0,91.0,95.0,89.0,114.0,90.0,88.0,99.0,78.0,73.0,77.0,76.0,0.0,0.0,0.0,0.0,555.0,518.0,1073.0,,N,단설,주간,20050508,20050105,1156012400,서울특별시 영등포구 문래동6가,13.,150096,7281,서울특별시 영등포구 문래로 56,", 서울영문초등학교 (문래동6가)",37.519688,126.887662,02-2068-5355,02-2068-5454,http://youngmoon.sen.es.kr,남녀공학,both,126.8875941,37.5197149
서울특별시교육청,서울특별시동작관악교육지원청,서울특별시 관악구,S010005257,서울조원초등학교,2,공립,N,,30.0,32.0,38.0,29.0,29.0,35.0,37.0,37.0,34.0,33.0,44.0,39.0,7.0,2.0,0.0,0.0,219.0,207.0,426.0,,N,단설,주간,20050301,20050301,1162010200,서울특별시 관악구 신림동,548-2.,151874,8701,서울특별시 관악구 조원로 67,(신림동),37.4841281272503,126.909506751189,02-869-2235,02-869-2239,http://jowon.sen.es.kr,남녀공학,both,126.9096200,37.4842300
서울특별시교육청,서울특별시강서양천교육지원청,서울특별시 강서구,S010005259,서울화일초등학교,2,공립,N,,61.0,54.0,42.0,57.0,60.0,52.0,81.0,46.0,50.0,57.0,75.0,49.0,12.0,4.0,0.0,0.0,381.0,319.0,700.0,,N,단설,주간,20050506,20050105,1150010300,서울특별시 강서구 화곡동,61-184.,157871,7725,서울특별시 강서구 까치산로10길 70,"(화곡동,서울화일초등학교)",37.540564,126.847489,02-2603-6502,02-2602-2439,http://hwail.sen.es.kr,남녀공학,both,126.8476800,37.5405019
서울특별시교육청,서울특별시성동광진교육지원청,서울특별시 성동구,S010005269,서울행현초등학교,2,공립,N,,52.0,41.0,50.0,56.0,36.0,69.0,54.0,41.0,56.0,67.0,50.0,57.0,0.0,0.0,0.0,0.0,298.0,331.0,629.0,,N,단설,주간,20050901,20050714,1120010700,서울특별시 성동구 행당동,317-18.,133868,4713,서울특별시 성동구 행당로 95,(행당동),37.557543,127.029259,02-2294-7693,02-2294-3030,http://haenghyun.sen.es.kr,남녀공학,both,127.0294047,37.5576916
서울특별시교육청,서울특별시성북강북교육지원청,서울특별시 성북구,S010005272,서울길원초등학교,2,공립,N,,98.0,102.0,96.0,99.0,106.0,94.0,98.0,111.0,123.0,112.0,94.0,86.0,7.0,4.0,0.0,0.0,622.0,608.0,1230.0,,N,병설,주간,20060301,20060105,1129013400,서울특별시 성북구 길음동,1280-4.,136810,2715,서울특별시 성북구 길음로15길 55,", 서울길원초등학교 (길음동)",37.6090652757235,127.016797915233,02-914-9369,02-914-9372,http://gilwon.sen.es.kr,남녀공학,both,127.0167775,37.6092706
서울특별시교육청,서울특별시강서양천교육지원청,서울특별시 양천구,S010005280,서울장수초등학교,2,공립,N,,26.0,19.0,27.0,28.0,23.0,40.0,34.0,39.0,42.0,36.0,44.0,42.0,0.0,0.0,0.0,0.0,196.0,204.0,400.0,,N,단설,주간,20060509,20051229,1147010100,서울특별시 양천구 신정동,신월로 10가길-30.,158865,8080,서울특별시 양천구 신정로13가길 30,(신정동),37.5130019,126.8451513,02-6090-9800,02-2696-0966,http://jangsoo.sen.es.kr,남녀공학,both,126.8452707,37.5130043
서울특별시교육청,서울특별시성북강북교육지원청,서울특별시 성북구,S010005282,서울장월초등학교,2,공립,N,,72.0,61.0,58.0,44.0,40.0,64.0,54.0,59.0,52.0,57.0,36.0,45.0,1.0,3.0,0.0,0.0,313.0,333.0,646.0,,N,단설,주간,20061030,20060719,1129013800,서울특별시 성북구 장위동,316번지.,136140,2758,서울특별시 성북구 한천로101길 66,"(장위동, 서울장월초등학교)",37.62208,127.047077,02-918-7822,02-918-7824,http://jangwol.sen.es.kr,남녀공학,both,127.0471996,37.6221762
서울특별시교육청,서울특별시동부교육지원청,서울특별시 동대문구,S010005283,서울휘봉초등학교,2,공립,N,,66.0,71.0,57.0,47.0,52.0,64.0,63.0,67.0,65.0,57.0,62.0,66.0,7.0,3.0,0.0,0.0,372.0,375.0,747.0,,N,단설,주간,20060510,20060301,1123010900,서울특별시 동대문구 휘경동,49-27.,130874,2511,서울특별시 동대문구 장안벚꽃로 309,"(휘경동,서울휘봉초등학교)",37.5862049,127.06791,02-2248-4644,02-2248-4622,http://hwibong.sen.es.kr,남녀공학,both,127.0702259,37.5863852
서울특별시교육청,서울특별시서부교육지원청,서울특별시 마포구,S010005370,서울상지초등학교,2,공립,N,,48.0,43.0,49.0,48.0,56.0,41.0,52.0,58.0,60.0,53.0,54.0,58.0,4.0,4.0,0.0,0.0,323.0,305.0,628.0,,N,단설,주간,20070605,20070605,1144012700,서울특별시 마포구 상암동,356-2.,,3905,서울특별시 마포구 월드컵로42길 30,", 서울상지초등학교 (상암동)",37.5797505682359,126.8820758168,02-303-9009,02-303-4906,http://seoulsangji.sen.es.kr,남녀공학,both,126.8821625,37.5796750
서울특별시교육청,서울특별시남부교육지원청,서울특별시 영등포구,S010005372,서울선유초등학교,2,공립,N,,33.0,46.0,29.0,16.0,34.0,28.0,30.0,36.0,26.0,29.0,28.0,32.0,0.0,0.0,0.0,0.0,180.0,187.0,367.0,,N,단설,주간,20070501,20070301,1156012700,서울 영등포구 양평동3가,91.,150103,7210,서울특별시 영등포구 선유로43가길 14,"(양평동3가, 서울선유초등학교)",37.5328800909119,126.892775686577,02-2068-7023,02-2068-7035,http://seonyu.sen.es.kr,남녀공학,both,126.8927682,37.5329048
서울특별시교육청,서울특별시중부교육지원청,서울특별시 중구,S010005374,서울신당초등학교,2,공립,N,,37.0,28.0,29.0,24.0,35.0,38.0,20.0,22.0,24.0,33.0,14.0,27.0,1.0,2.0,0.0,0.0,160.0,174.0,334.0,,N,단설,주간,20070301,20070214,1114016200,서울특별시 중구 신당동,161.,100455,4579,서울특별시 중구 난계로 141,(신당동),37.5636252228759,127.023673926863,02-2232-2892,02-2232-0654,http://shindang.sen.es.kr,남녀공학,both,127.0237773,37.5639497
서울특별시교육청,서울특별시강동송파교육지원청,서울특별시 송파구,S010005384,서울버들초등학교,2,공립,N,,79.0,61.0,102.0,72.0,93.0,87.0,105.0,79.0,85.0,89.0,96.0,118.0,0.0,0.0,0.0,0.0,560.0,506.0,1066.0,,N,단설,주간,20071129,20070901,1171010100,서울특별시 송파구 잠실동,35-6.,138915,5555,서울특별시 송파구 석촌호수로 81,", 서울버들초등학교 (잠실동)",37.510391,127.089101,02-2203-6412,02-2203-6415,https://seoulbeodle.sen.es.kr/,남녀공학,both,127.0891069,37.5104138
서울특별시교육청,서울특별시강동송파교육지원청,서울특별시 송파구,S010005386,서울문현초등학교,2,공립,N,,83.0,69.0,75.0,75.0,63.0,58.0,73.0,73.0,75.0,66.0,72.0,58.0,8.0,1.0,0.0,0.0,449.0,400.0,849.0,,N,단설,주간,20071206,20070901,1171010900,서울특별시 송파구 장지동,185-2.,138210,5799,서울특별시 송파구 충민로 137,", (서울문현초등학교) (장지동)",37.483017,127.130201,02-402-9170,02- 402-9017,http://s-mh.sen.es.kr,남녀공학,both,127.1302521,37.4827743
서울특별시교육청,서울특별시동작관악교육지원청,서울특별시 동작구,S010005387,서울삼일초등학교,2,공립,N,,84.0,84.0,114.0,87.0,88.0,76.0,83.0,101.0,68.0,69.0,77.0,67.0,0.0,0.0,0.0,0.0,514.0,484.0,998.0,,N,단설,주간,20071101,20070901,1159010700,서울특별시 동작구 사당동,산18-38.,156090,7000,서울특별시 동작구 사당로23나길 27,", 서울삼일초등학교 (사당동)",37.488219,126.975066,02-3477-9473,02-3477-9895,http://samil.sen.es.kr,남녀공학,both,126.9751989,37.4882458
서울특별시교육청,서울특별시강남서초교육지원청,서울특별시 서초구,S010005495,서울매헌초등학교,2,공립,N,,64.0,42.0,38.0,37.0,43.0,48.0,51.0,42.0,49.0,39.0,50.0,51.0,0.0,0.0,0.0,0.0,295.0,259.0,554.0,,N,단설,주간,20080424,20080301,1165010200,서울특별시 서초구 양재동,311-1.,137896,6780,서울특별시 서초구 언남길 8,"(양재동,매헌초등학교)",37.4712636533218,127.042057749581,02-578-9767,02-578-9763,http://maeheon.sen.es.kr,남녀공학,both,127.0421042,37.4713039
서울특별시교육청,서울특별시강서양천교육지원청,서울특별시 강서구,S010005496,서울수명초등학교,2,공립,N,,77.0,66.0,63.0,73.0,79.0,84.0,103.0,82.0,96.0,88.0,72.0,79.0,7.0,0.0,0.0,0.0,497.0,472.0,969.0,,N,단설,주간,20080430,20080301,1150010600,서울특별시 강서구 내발산동,"(내발산동, 서울수명초등학교).",157937,7643,서울특별시 강서구 수명로1길 84,(내발산동),37.5527743821163,126.823881454294,070-4626-6600,02-2667-8506,http://sumyeong.sen.es.kr,남녀공학,both,126.8237635,37.5529849
서울특별시교육청,서울특별시서부교육지원청,서울특별시 은평구,S010005502,서울은명초등학교,2,공립,N,,95.0,117.0,83.0,85.0,111.0,105.0,111.0,101.0,99.0,87.0,104.0,106.0,11.0,4.0,0.0,0.0,614.0,605.0,1219.0,,N,단설,주간,20081026,20080716,1138010700,서울특별시 은평구 응암동,114-12.,122010,3453,서울특별시 은평구 은평로4길 21-9,", 서울은명초등학교 (응암동)",37.5976784906707,126.91827438891,02-359-9517,02-359-9520,http://em.sen.es.kr,남녀공학,both,126.9184630,37.5976900
서울특별시교육청,서울특별시강동송파교육지원청,서울특별시 송파구,S010005503,서울개롱초등학교,2,공립,N,,32.0,21.0,31.0,29.0,32.0,25.0,38.0,27.0,43.0,22.0,26.0,30.0,3.0,4.0,0.0,0.0,205.0,158.0,363.0,,N,단설,주간,20080501,20071101,1171011200,서울특별시 송파구 오금동,159.,138860,5742,서울특별시 송파구 문정로 211,", 서울개롱초등학교 (오금동)",37.497355,127.139891,02-3401-4467,02-3401-4473,http://gaerong.sen.es.kr,남녀공학,both,127.1398514,37.4972908
서울특별시교육청,서울특별시강동송파교육지원청,서울특별시 송파구,S010005504,서울잠현초등학교,2,공립,N,,66.0,84.0,80.0,79.0,81.0,66.0,94.0,84.0,64.0,69.0,75.0,74.0,0.0,0.0,0.0,0.0,460.0,456.0,916.0,,N,단설,주간,20081027,20080717,1171010200,서울특별시 송파구 신천동,17-3번지.,138240,5507,서울특별시 송파구 올림픽로37길 109,", 서울잠현초등학교 (신천동)",37.5221842,127.1047535,02-415-8105,02-415-8109,http://jamhyun.sen.es.kr,남녀공학,both,127.1047656,37.5225555
서울특별시교육청,서울특별시서부교육지원청,서울특별시 은평구,S010005505,서울진관초등학교,2,공립,N,,61.0,61.0,55.0,64.0,73.0,81.0,79.0,86.0,82.0,72.0,87.0,88.0,6.0,0.0,0.0,0.0,443.0,452.0,895.0,,N,단설,주간,20080901,20080901,1138011400,서울특별시 은평구 진관동,308.,122200,3303,서울특별시 은평구 진관4로 78-16,"(진관동,진관초등학교)",37.645103,126.929466,02-386-3365,02-386-3316,http://jingwan.sen.es.kr,남녀공학,both,126.9292623,37.6455686
서울특별시교육청,서울특별시강서양천교육지원청,서울특별시 양천구,S010005507,서울목운초등학교,2,공립,N,,129.0,106.0,111.0,122.0,134.0,128.0,144.0,152.0,140.0,144.0,167.0,160.0,6.0,5.0,0.0,0.0,831.0,817.0,1648.0,,N,단설,주간,20090506,20090301,1147010200,서울특별시 양천구 목동,922.,158050,7996,서울특별시 양천구 목동동로 235,", 서울목운초등학교 (목동)",37.526698,126.872941,02-2061-5212,02-2061-5214,http://www.mogun.es.kr,남녀공학,both,126.8727008,37.5269693
서울특별시교육청,서울특별시성동광진교육지원청,서울특별시 성동구,S010005513,서울송원초등학교,2,공립,N,,20.0,21.0,17.0,29.0,24.0,20.0,28.0,16.0,19.0,15.0,28.0,23.0,0.0,0.0,0.0,0.0,136.0,124.0,260.0,,N,단설,주간,20090301,20090301,1120011800,서울특별시 성동구 송정동,72-8.,133836,4800,서울특별시 성동구 동일로43길 9,(송정동),37.6,127.1,02-469-5074,02-469-5075,http://ssw.sen.es.kr,남녀공학,both,127.0697525,37.5539935
서울특별시교육청,서울특별시강동송파교육지원청,서울특별시 강동구,S010005527,서울강명초등학교,2,공립,N,,38.0,41.0,48.0,46.0,46.0,49.0,66.0,70.0,68.0,80.0,119.0,100.0,10.0,4.0,0.0,0.0,395.0,390.0,785.0,,N,단설,주간,20110504,20110301,1174010300,서울특별시 강동구 상일동,98.,134090,5285,서울특별시 강동구 상일로 74-1,(상일동),37.554767,127.173284,02-426-0678,02-426-0679,http://gme.sen.es.kr,남녀공학,both,127.1733770,37.5545608
서울특별시교육청,서울특별시강서양천교육지원청,서울특별시 강서구,S010005546,서울등마초등학교,2,공립,N,,74.0,71.0,66.0,65.0,67.0,53.0,78.0,63.0,72.0,59.0,67.0,57.0,8.0,4.0,0.0,0.0,432.0,372.0,804.0,,N,단설,주간,20090430,20061228,1150010200,서울특별시 강서구 등촌동,강서구 등촌동 산86.,157844,7672,서울특별시 강서구 등촌로35길 12,"(등촌동,서울등마초등학교)",37.541899,126.861642,02-2642-0232,02-2642-0527,http://dma.sen.es.kr,남녀공학,both,126.8616633,37.5418704
서울특별시교육청,서울특별시강서양천교육지원청,서울특별시 양천구,S010005548,서울신은초등학교,2,공립,N,,51.0,33.0,41.0,45.0,44.0,47.0,69.0,58.0,58.0,72.0,102.0,94.0,5.0,1.0,0.0,0.0,370.0,350.0,720.0,,N,단설,주간,20111028,20110901,1147010100,서울특별시 양천구 신정동,1319.,158070,8049,서울특별시 양천구 신정이펜2로 30,(신정동),37.5139921,126.8320256,02-6210-0600,02-2699-5185,http://se.sen.es.kr,남녀공학,both,126.8318840,37.5140839
서울특별시교육청,서울특별시강남서초교육지원청,서울특별시 서초구,S010005549,서울우면초등학교,2,공립,N,,50.0,49.0,46.0,73.0,68.0,59.0,112.0,98.0,126.0,119.0,97.0,110.0,1.0,4.0,0.0,0.0,500.0,512.0,1012.0,,N,단설,주간,20120605,20120301,1165010300,서울특별시 서초구 우면동,690.,137901,6765,서울특별시 서초구 태봉로 59,59,37.4648619,127.023924,02-2057-1671,02-2057-1606,http://woomyeon.sen.es.kr,남녀공학,both,127.0238376,37.4648805
서울특별시교육청,서울특별시성동광진교육지원청,서울특별시 성동구,S010005551,서울동호초등학교,2,공립,N,,48.0,52.0,40.0,42.0,34.0,34.0,41.0,34.0,35.0,28.0,27.0,33.0,4.0,1.0,0.0,0.0,229.0,224.0,453.0,,N,단설,주간,20100430,20100301,1120011300,서울특별시 성동구 옥수동,556-1 .,133846,4731,서울특별시 성동구 매봉길 49-35,"(옥수동, 동호초등학교)",37.546554,127.010097,02-2299-8370,02-2299-8214,http://dongho.sen.es.kr,남녀공학,both,127.0098798,37.5462917
서울특별시교육청,서울특별시남부교육지원청,서울특별시 구로구,S010005553,서울천왕초등학교,2,공립,N,,50.0,42.0,59.0,40.0,74.0,55.0,60.0,66.0,122.0,95.0,121.0,133.0,3.0,8.0,0.0,0.0,489.0,439.0,928.0,,N,단설,주간,20110901,20110901,1153011100,서울특별시 구로구 천왕동,172.,152130,8364,서울특별시 구로구 천왕로1길 11,(천왕동),37.4818981015119,126.836539058967,02-6343-4200,02-3666-1362,http://cheonwang.sen.es.kr,남녀공학,both,126.8371380,37.4816411
서울특별시교육청,서울특별시서부교육지원청,서울특별시 마포구,S010005555,서울하늘초등학교,2,공립,N,,37.0,23.0,39.0,26.0,39.0,37.0,59.0,46.0,64.0,68.0,78.0,86.0,7.0,2.0,0.0,0.0,323.0,288.0,611.0,,N,단설,주간,20110405,20110301,1144012700,서울특별시 마포구 상암동,594.,121833,3918,서울특별시 마포구 월드컵북로 502-14,", 서울하늘초등학교 (상암동)",37.58566,126.88075,02-305-7762,02-305-7764,http://sky.sen.es.kr,남녀공학,both,126.8808213,37.5855001
서울특별시교육청,서울특별시서부교육지원청,서울특별시 은평구,S010005557,서울은빛초등학교,2,공립,N,,32.0,40.0,48.0,34.0,48.0,34.0,80.0,60.0,89.0,59.0,89.0,75.0,12.0,5.0,0.0,0.0,398.0,307.0,705.0,,N,단설,주간,20110509,20110113,1138011400,서울특별시 은평구 진관동,188-8.,122200,3301,서울특별시 은평구 진관3로 73-17,(진관동),37.6426599473535,126.91908172548,02-388-4923,02-388-4925,http://ev.sen.es.kr,남녀공학,both,126.9191267,37.6425615
서울특별시교육청,서울특별시서부교육지원청,서울특별시 은평구,S010005559,서울수리초등학교,2,공립,N,,34.0,37.0,33.0,36.0,35.0,30.0,41.0,39.0,43.0,27.0,40.0,34.0,2.0,4.0,0.0,0.0,228.0,207.0,435.0,,N,단설,주간,20110301,20110301,1138010300,서울특별시 은평구 불광동,17.,122847,3362,서울특별시 은평구 불광로14길 10-10,(불광동),37.6204079,126.9341672,02-353-9400,02-353-9437,http://suri.sen.es.kr,남녀공학,both,126.9342635,37.6203864
서울특별시교육청,서울특별시동작관악교육지원청,서울특별시 동작구,S010005567,서울상현초등학교,2,공립,N,,51.0,61.0,81.0,52.0,64.0,79.0,72.0,52.0,66.0,62.0,74.0,63.0,3.0,0.0,0.0,0.0,411.0,369.0,780.0,,N,단설,주간,20121101,20120901,1159010200,서울특별시 동작구 상도동,531-1.,156030,7039,서울특별시 동작구 상도로58길 21,(상도동),37.4948752928275,126.952668444026,02-826-9740,02-826-9744,http://ssh.sen.es.kr,남녀공학,both,126.9526547,37.4949131
서울특별시교육청,서울특별시서부교육지원청,서울특별시 은평구,S010005577,서울구현초등학교,2,공립,N,,35.0,48.0,54.0,42.0,42.0,42.0,42.0,29.0,61.0,47.0,51.0,38.0,6.0,12.0,0.0,0.0,291.0,258.0,549.0,,N,단설,주간,20090427,20081231,1138010500,서울특별시 은평구 구산동,산41-1.,122820,3428,서울특별시 은평구 갈현로15길 51,"(구산동,구현초등학교)",37.609626,126.905569,02-352-5518,02-352-5514,http://guhyun.sen.es.kr,남녀공학,both,126.9057418,37.6090631
서울특별시교육청,서울특별시서부교육지원청,서울특별시 은평구,S010005581,서울은진초등학교,2,공립,N,,51.0,53.0,47.0,42.0,57.0,53.0,61.0,58.0,63.0,67.0,56.0,54.0,6.0,1.0,0.0,0.0,341.0,328.0,669.0,,N,단설,주간,20090430,20081231,1138011400,서울특별시 은평구 진관동,165-32.,122200,3311,서울특별시 은평구 진관1로 21-20,", 은진초등학교 (진관동)",37.6330423305248,126.920995442424,02-351-3561,02-351-3681,http://eunjin.sen.es.kr,남녀공학,both,126.9209943,37.6329532
서울특별시교육청,서울특별시서부교육지원청,서울특별시 서대문구,S010005597,서울가재울초등학교,2,공립,N,,151.0,131.0,151.0,152.0,147.0,135.0,164.0,149.0,112.0,132.0,136.0,121.0,12.0,2.0,0.0,0.0,873.0,822.0,1695.0,,N,단설,주간,20160501,20160301,1141012000,서울특별시 서대문구 남가좌동,164-1.,120120,3711,서울특별시 서대문구 모래내로15길 61,(남가좌동),37.5736532,126.9185796,02-300-8600,02-300-8699,http://gajaeul.sen.es.kr,남녀공학,both,126.9186332,37.5739211
서울특별시교육청,서울특별시강동송파교육지원청,서울특별시 송파구,S010005599,서울위례솔초등학교,2,공립,N,,79.0,94.0,68.0,68.0,53.0,60.0,59.0,56.0,67.0,68.0,54.0,36.0,0.0,0.0,0.0,0.0,380.0,382.0,762.0,,N,병설,주간,20220301,20220301,1171011300,서울특별시 송파구 거여동,산60-1.,138110,5776,서울특별시 송파구 위례북로2길 12,", 12",37.486563,127.15056,02-6922-8800,02-6922-8808,https://wiryesol.sen.es.kr,남녀공학,both,127.1507538,37.4867340
서울특별시교육청,서울특별시강동송파교육지원청,서울특별시 강동구,S010005600,서울고현초등학교,2,공립,N,,117.0,117.0,119.0,123.0,126.0,106.0,118.0,99.0,92.0,81.0,72.0,89.0,3.0,0.0,0.0,0.0,647.0,615.0,1262.0,,N,단설,주간,20200301,20200301,1174010300,서울특별시 강동구 상일동,121.,134090,5274,서울특별시 강동구 상일로11길 110,", 서울고현초등학교",37.5541515,127.1659273,02-427-9672,02-427-9682,http://gohyeon.sen.es.kr,남녀공학,both,127.1658157,37.5542616
서울특별시교육청,서울특별시서부교육지원청,서울특별시 은평구,S010005601,서울어울초등학교,2,공립,N,,57.0,48.0,52.0,54.0,48.0,47.0,48.0,40.0,18.0,35.0,19.0,34.0,4.0,1.0,0.0,0.0,246.0,259.0,505.0,,N,단설,주간,20181031,20180901,1138010200,서울특별시 은평구 녹번동,17-12.,122020,3370,서울특별시 은평구 통일로 650,", 서울어울초등학교 (녹번동)",37.6065848,126.9350729,02-355-4921,02-358-4922,http://urwool.sen.es.kr,남녀공학,both,126.9350504,37.6065618
서울특별시교육청,서울특별시동부교육지원청,서울특별시 중랑구,S010005606,서울새솔초등학교,2,공립,N,,54.0,52.0,64.0,63.0,106.0,97.0,98.0,81.0,113.0,95.0,58.0,46.0,9.0,4.0,0.0,0.0,502.0,438.0,940.0,,N,단설,주간,20140501,20140301,1126010600,서울특별시 중랑구 신내동,164.,131130,2055,서울특별시 중랑구 신내역로1길 164,"(신내동,서울새솔초등학교)",37.6179517644979,127.111328863987,02-490-2500,02-490-2590,http://saesol.sen.es.kr,남녀공학,both,127.1112258,37.6179360
서울특별시교육청,서울특별시강남서초교육지원청,서울특별시 강남구,S010005828,서울율현초등학교,2,공립,N,,57.0,52.0,81.0,83.0,99.0,87.0,94.0,88.0,72.0,102.0,57.0,64.0,9.0,4.0,0.0,0.0,469.0,480.0,949.0,,N,단설,주간,20140828,20140828,1168011200,서울특별시 강남구 자곡동,237.,135210,6370,서울특별시 강남구 밤고개로21길 15,", 서울율현초등학교 (자곡동)",37.47455,127.1083212,02-3413-8804,02-3413-8880,http://yulhyeon.sen.es.kr,남녀공학,both,127.1083064,37.4745239
서울특별시교육청,서울특별시강남서초교육지원청,서울특별시 서초구,S010005830,서울우솔초등학교,2,공립,N,,52.0,38.0,52.0,36.0,52.0,49.0,67.0,50.0,79.0,48.0,60.0,63.0,5.0,2.0,0.0,0.0,367.0,286.0,653.0,,N,단설,주간,20130610,20130301,1165010300,서울특별시 서초구 우면동,554-1.,137140,6767,서울특별시 서초구 양재대로2길 74,", 서울우솔초등학교 (우면동)",37.4567453109914,127.018951940873,02-3463-9069,02-3463-9071,http://woosol.sen.es.kr,남녀공학,both,127.0195240,37.4571620
서울특별시교육청,서울특별시강남서초교육지원청,서울특별시 강남구,S010005831,서울자곡초등학교,2,공립,N,,26.0,52.0,57.0,50.0,53.0,40.0,77.0,77.0,58.0,50.0,49.0,50.0,7.0,1.0,0.0,0.0,327.0,320.0,647.0,,N,병설,주간,20141024,20140901,1168011200,서울특별시 강남구 자곡동,642.,135200,6373,서울특별시 강남구 자곡로 150,(자곡동),37.4725138,127.0998493,02-3413-8700,02-3414-0030,http://jagok.sen.es.kr,남녀공학,both,127.0994340,37.4721914
서울특별시교육청,서울특별시강남서초교육지원청,서울특별시 강남구,S010005832,서울세명초등학교,2,공립,N,,59.0,64.0,69.0,57.0,85.0,75.0,97.0,119.0,95.0,88.0,86.0,101.0,5.0,3.0,0.0,0.0,496.0,507.0,1003.0,,N,단설,주간,20121030,20120830,1168011100,서울특별시 강남구 세곡동,464-9.,135190,6375,서울특별시 강남구 자곡로 55,", 서울세명초등학교 (세곡동)",37.4687124,127.0909147,02-2040-0800,02-451-6226,http://semyung.sen.es.kr,남녀공학,both,127.0909521,37.4687767
서울특별시교육청,서울특별시강동송파교육지원청,서울특별시 송파구,S010006043,서울송례초등학교,2,공립,N,,128.0,128.0,132.0,105.0,101.0,105.0,108.0,125.0,118.0,114.0,134.0,106.0,8.0,4.0,0.0,0.0,729.0,687.0,1416.0,,N,단설,주간,20140501,20140301,1171010900,서울특별시 송파구 장지동,.,,5853,서울특별시 송파구 위례순환로 439,(장지동),37.4778899463259,127.138439658497,02-2144-3888,02-407-7648,http://sree.sen.es.kr,남녀공학,both,127.1384560,37.4780097
서울특별시교육청,서울특별시강동송파교육지원청,서울특별시 송파구,S010006211,서울위례별초등학교,2,공립,N,,138.0,141.0,142.0,130.0,139.0,142.0,150.0,165.0,139.0,125.0,143.0,135.0,15.0,6.0,0.0,0.0,866.0,844.0,1710.0,,N,단설,주간,20160504,20160301,1171010900,서울특별시 송파구 장지동,.,138926,5850,서울특별시 송파구 위례광장로 243,", 서울위례별초등학교 (장지동)",37.47908,127.14503,02-409-2112,02-409-6644,http://westar.sen.es.kr,남녀공학,both,127.1448633,37.4791031
서울특별시교육청,서울특별시강동송파교육지원청,서울특별시 강동구,S010006385,서울강솔초등학교,2,공립,N,,30.0,26.0,25.0,31.0,24.0,32.0,28.0,31.0,38.0,38.0,44.0,40.0,4.0,0.0,0.0,0.0,193.0,198.0,391.0,,N,단설,주간,20170504,20170301,1174011000,서울특별시 강동구 강일동,.,134100,5214,서울특별시 강동구 고덕로97길 80,", 서울강솔초등학교 (강일동)",37.5623095,127.1801929,02-2147-5700,02-2147-5705,http://gangsol.sen.es.kr,남녀공학,both,127.1804780,37.5622516
서울특별시교육청,서울특별시남부교육지원청,서울특별시 금천구,S010006386,서울금나래초등학교,2,공립,N,,104.0,118.0,98.0,69.0,83.0,74.0,89.0,96.0,56.0,66.0,55.0,63.0,9.0,2.0,0.0,0.0,494.0,488.0,982.0,,N,단설,주간,20170410,20170301,1154510200,서울특별시 금천구 독산동,.,,8609,서울특별시 금천구 시흥대로79길 37,(시흥동),37.458496,126.896495,02-807-9821,02-807-9823,http://geumnarae.sen.es.kr,남녀공학,both,126.8963580,37.4582962
서울특별시교육청,서울특별시남부교육지원청,서울특별시 구로구,S010006431,서울하늘숲초등학교,2,공립,N,,40.0,33.0,46.0,33.0,51.0,77.0,59.0,68.0,55.0,63.0,47.0,48.0,3.0,5.0,0.0,0.0,301.0,327.0,628.0,,N,단설,주간,20190301,20190301,1153011100,서울특별시 구로구 천왕동,.,,8350,서울특별시 구로구 오리로 1106,", 서울하늘숲초등학교 (천왕동)",37.484798,126.841705,02-2056-5100,02-2689-9369,http://skyf.sen.es.kr,남녀공학,both,126.8415943,37.4842367
서울특별시교육청,서울특별시남부교육지원청,서울특별시 구로구,S010006432,서울항동초등학교,2,공립,N,,142.0,139.0,122.0,105.0,118.0,83.0,80.0,86.0,89.0,63.0,64.0,65.0,4.0,5.0,0.0,0.0,619.0,546.0,1165.0,,N,단설,주간,20190501,20190301,1153011200,서울특별시 구로구 항동,.,,8368,서울특별시 구로구 연동로 178,(항동),37.4767306,126.8239286,02-480-3600,02-3666-9841,http://hangdong.sen.es.kr,남녀공학,both,126.8240758,37.4769723
서울특별시교육청,서울특별시강동송파교육지원청,서울특별시 송파구,S010006433,서울해누리초등학교,2,공립,N,,42.0,67.0,56.0,45.0,49.0,40.0,62.0,65.0,61.0,48.0,29.0,41.0,3.0,2.0,0.0,0.0,302.0,308.0,610.0,,N,단설,주간,20190301,20190301,1171010700,서울특별시 송파구 가락동,.,,5698,서울특별시 송파구 송파대로37길 95,(가락동),37.4983635,127.1019563,02-407-1988,02-407-1989,http://haenuri.sen.es.kr,남녀공학,both,127.1021242,37.4984116
서울특별시교육청,서울특별시동부교육지원청,서울특별시 중랑구,S010006476,서울양원숲초등학교,2,공립,N,,59.0,62.0,32.0,39.0,38.0,27.0,25.0,21.0,19.0,25.0,13.0,13.0,3.0,1.0,0.0,0.0,189.0,188.0,377.0,,N,단설,주간,20220501,20220301,1126010500,서울특별시 중랑구 망우동,.,,2057,서울특별시 중랑구 양원역로 95,"(망우동, 서울양원숲초등학교)",37.60889,127.10554,02-493-9701,02-493-9497,https://yangwonsoop.sen.es.kr/index.do,남녀공학,both,127.1052584,37.6090134
서울특별시교육청,서울특별시강동송파교육지원청,서울특별시 강동구,S010006543,서울강빛초등학교,2,공립,N,,65.0,58.0,53.0,55.0,51.0,31.0,42.0,40.0,38.0,50.0,45.0,41.0,2.0,0.0,0.0,0.0,296.0,275.0,571.0,,N,단설,주야간,20210301,20210301,1174011000,서울특별시 강동구 강일동,.,,5201,서울특별시 강동구 아리수로93다길 1,"(강일동, 강빛초중통합학교)",37.574172,127.17094,02-6951-3963,02-6951-3966,http://gbe.sen.es.kr,남녀공학,both,127.1707749,37.5743433
